SaO2,EMG,NEW AIR,ABDO RES,Start Time,End Time,Apena/Hypopnea
94.14053559166845,1.1389925035214483,4.296721310577078,-0.1691262715293246,0,30,0
96.09369039444569,1.5117842082581996,5.625130993239967,0.33752993716946955,30,60,0
94.14053559166852,0.9911144928609774,6.943291200938673,-0.1932055491315795,60,90,0
95.3124284733347,1.0980303079017544,2.1324042475174667,0.05396962437121644,90,120,0
95.31242847333485,1.215259119673235,5.880733380508154,-0.19664416155464146,120,150,0
97.26558327611201,0.45882569395020084,5.008718607581097,0.449196720111597,150,180,0
95.31242847333488,1.2370930570877974,8.228138812757702,-0.26851139002346425,180,210,0
94.14053559166858,1.5810764791169096,6.186617399031638,-0.5085599206334105,210,240,0
95.31242847333485,1.2859648495736753,0.6643116536130026,0.29026652272825837,240,270,0
94.1405355916686,1.2493542544328076,4.123775364609009,-0.5024803768103321,270,300,0
96.09369039444574,1.2949235986972605,7.079552485881663,-0.47867747044732545,300,330,0
95.31242847333485,1.0198544969785082,7.958710002415787,-0.39910179255538647,330,360,0
94.14053559166855,0.9893235128851736,3.9921766475416742,-0.17043099969212763,360,390,0
96.09369039444576,0.9705576078511764,-0.19839195752409494,-0.033658604233503135,390,420,0
95.31242847333489,0.41599752589739986,6.385872898342843,-0.17308702196235137,420,450,0
95.31242847333486,1.3516849155558095,6.942010788944271,-0.22523124572643655,450,480,0
94.14053559166858,0.4689162088378292,7.511422587149372,-0.24881402108636494,480,510,0
95.31242847333489,1.1485838293935349,3.7105462262978857,0.020597700690389787,510,540,0
94.1405355916686,0.43606426213315214,4.164013843420546,-0.05730536673763845,540,570,0
95.31242847333485,0.9878950092666327,5.927759957111211,-0.06388185002963798,570,600,0
96.09369039444569,1.4606747020535942,7.551205150073435,-0.31325140880369085,600,630,0
94.14053559166861,1.4017807013021126,6.640187466899551,-0.23713910812002334,630,660,0
94.14053559166864,1.4361483931020402,5.769099594481512,-0.12422725577921967,660,690,0
95.31242847333485,1.4781884305409272,7.096957822882584,-0.06680552655975332,690,720,0
95.31242847333482,1.4231912406592608,4.8046832693896055,-0.19054820673293194,720,750,0
94.14053559166858,1.6086969483462537,8.017347452335965,-0.18664096682661516,750,780,0
95.31242847333493,1.268875117480231,5.275304456202625,0.08222832625547616,780,810,0
94.14053559166855,0.9398715526701885,5.762799673910365,-0.02376153040826601,810,840,0
94.14053559166857,0.9096556907529335,4.275395050448955,0.032691950228170806,840,870,0
93.35927367055771,1.0660116220900726,4.2513299603599535,0.07055525671405809,870,900,0
94.14053559166861,1.4774812519938414,7.795980115661429,-0.1998434163384456,900,930,0
93.35927367055768,1.4126636578255198,6.5632345668364565,-0.17332825095101737,930,960,0
95.31242847333483,1.4171683425434685,3.9544456075685854,-0.042116023706175953,960,990,0
93.35927367055771,1.216482057998213,4.581412878277734,0.07145861321004203,990,1020,0
93.35927367055771,1.2001467416493918,8.546442874157215,-0.13944397549082826,1020,1050,0
93.35927367055771,1.253575230426525,6.753445362667148,-0.2280216428242727,1050,1080,0
93.35927367055771,1.0672319541541044,6.129432481228486,-0.1934541764776646,1080,1110,0
93.35927367055771,1.361964397940462,8.177910409540639,-0.20319851689009175,1110,1140,0
93.35927367055771,1.1771149813550867,2.2921222882468295,-0.04293395040734094,1140,1170,0
93.35927367055771,0.8888054971153054,6.438040441296244,-0.11050338973886674,1170,1200,0
93.35927367055767,1.4527170348095233,7.4953985771899,-0.21348551228248813,1200,1230,0
93.35927367055771,1.066968422487373,6.980254314724565,-0.2427933543015922,1230,1260,0
93.35927367055777,1.2209124047815578,6.948168814217235,-0.21011527382959783,1260,1290,0
93.35927367055771,1.2014722059027716,3.4281780076855264,0.18144832369682173,1290,1320,0
93.35927367055768,1.3112338655372862,2.67246628141262,0.04028374679737562,1320,1350,0
94.1405355916686,1.1346026599685244,5.329364835711331,0.1329976897511301,1350,1380,0
93.35927367055774,1.3617436076477225,4.351422051483267,-0.023455398178250333,1380,1410,0
93.3592736705577,1.2695966033768307,4.583373431451562,0.03727630652968155,1410,1440,0
93.3592736705577,1.1850428170052143,2.5274284132875864,0.05175769617777688,1440,1470,0
93.35927367055771,1.214276214159094,5.0581381825689204,-0.017973644149557055,1470,1500,0
92.18738078889145,1.3673315097248968,0.5205008257937932,0.2541546432257586,1500,1530,0
93.35927367055771,1.6066804466246802,6.9100766187860305,-0.2319874594445017,1530,1560,0
94.14053559166858,1.933843527618685,7.183805346848377,-0.22397919201483676,1560,1590,0
94.14053559166855,0.9788213890507349,1.6463752624494863,0.13629891804212402,1590,1620,0
93.35927367055776,1.0075307657006074,2.841330347721249,0.14320073024205823,1620,1650,0
94.14053559166855,1.3850861203747866,5.80261022807375,-0.10112129968196244,1650,1680,0
93.35927367055771,1.2821469162249322,7.013812560722254,-0.22742246573656907,1680,1710,0
94.14053559166858,1.027734413285611,5.389909385132253,-0.04696244977839567,1710,1740,0
94.14053559166862,1.101860030976725,4.054465272029111,-0.019433758290634935,1740,1770,0
94.14053559166852,1.178687084058596,4.984069317777317,-0.06285005444115846,1770,1800,0
94.14053559166855,1.012433357349164,2.371125099375577,0.20440298108036262,1800,1830,0
94.1405355916686,1.2476802036815893,7.788044977343983,-0.3011806050034701,1830,1860,0
94.14053559166861,1.3348815074117022,4.7703074021250105,0.21726299367507332,1860,1890,0
94.14053559166858,1.1098189622633927,6.584109380713184,-0.2440850063696658,1890,1920,0
94.14053559166858,1.397085676795395,7.899016344150242,-0.17552393909254083,1920,1950,0
93.35927367055771,1.2375277835805705,5.124058766163791,-0.09390762969198627,1950,1980,0
94.14053559166861,1.2023576958887296,2.7771658164274595,0.18120911949397012,1980,2010,0
94.14053559166857,1.1936078345929393,6.8005997559246545,-0.18589297204876798,2010,2040,0
93.35927367055768,1.1204845817550646,7.4249298157376336,-0.2726514923455025,2040,2070,0
93.3592736705577,1.2525315073672585,6.67398729855521,-0.2649481270715879,2070,2100,0
94.14053559166861,1.4686242034532504,0.9095256087143897,0.173041337266218,2100,2130,0
94.14053559166857,1.4567509183216216,6.715743102897719,-0.24265053212978974,2130,2160,0
94.14053559166855,1.2703540256356964,6.974359019672687,-0.2560333800746213,2160,2190,0
93.35927367055771,1.0573984481199425,5.011257136344186,0.04851793167252383,2190,2220,0
93.35927367055774,1.280383557169736,7.269788219131872,-0.16777825867188434,2220,2250,0
94.14053559166858,1.293249640680871,0.5718130093818591,0.220216841414124,2250,2280,0
93.35927367055767,1.3246937782930954,5.525314717999851,-0.14721203546838088,2280,2310,0
93.35927367055768,1.2687185429125853,1.9243008672227924,0.18123470917523848,2310,2340,0
93.35927367055776,1.2004994683846693,4.471459237354918,0.0002021496755492416,2340,2370,0
93.35927367055766,1.1807782504240723,2.0365307630913576,0.15175417633526944,2370,2400,0
93.35927367055768,1.3123969435502232,5.356510869797626,-0.1197545653435332,2400,2430,0
93.35927367055768,1.2381003035188893,3.6883267047643615,0.046670637572249374,2430,2460,0
93.35927367055777,1.1462437362605749,4.250621764367609,0.04862771009423006,2460,2490,0
93.35927367055771,1.376394070841075,6.535708179044481,-0.16835902593301955,2490,2520,0
93.35927367055768,1.083849295422939,7.05186596842697,-0.3305916208157468,2520,2550,0
92.18738078889145,1.1232794734476035,0.904415891613342,0.30451218476654507,2550,2580,0
93.35927367055773,1.3534987734634378,7.574334490340566,-0.4060042106540854,2580,2610,0
92.18738078889142,1.0318678933618808,5.081038193772059,-0.2115821329803055,2610,2640,0
94.14053559166855,1.4111316058817287,8.071599025170157,-0.31823440822841587,2640,2670,0
94.14053559166855,1.1948456891976946,2.2069914047598846,0.2110854787454596,2670,2700,0
94.14053559166861,1.4275689495837809,6.490497296886523,-0.05605983366605858,2700,2730,0
94.14053559166857,1.289946134180897,8.093091544683675,-0.2363919101138795,2730,2760,0
94.14053559166857,1.3274700265845703,8.65371099129467,-0.24574056307842704,2760,2790,0
93.35927367055768,1.3478422171704392,7.546433361698816,-0.2670016229104794,2790,2820,0
93.35927367055771,1.3979795054851982,7.114131820554061,-0.23018642031795353,2820,2850,0
94.14053559166855,1.3735559270415958,6.798675510599968,-0.24177052402102453,2850,2880,0
95.31242847333482,1.3581396859125947,6.770041150082553,-0.20433725389448149,2880,2910,0
93.35927367055768,1.2829125411359534,4.001336758495821,0.15328349970058003,2910,2940,0
93.3592736705577,1.317949700236271,3.1044406480035454,0.1589251372091093,2940,2970,0
93.35927367055771,1.1805992624287884,2.9833996325909435,0.1278582942323111,2970,3000,0
93.35927367055766,1.186349794289994,4.667295238637642,0.1267811527622805,3000,3030,0
93.35927367055771,1.1263129546857316,6.714960225963022,-0.2080892357363119,3030,3060,0
93.35927367055774,1.2828221852540391,8.039805000997436,-0.2643510356870227,3060,3090,0
93.35927367055771,1.3293984302132336,7.595396456832707,-0.32309144445093047,3090,3120,0
93.3592736705577,1.13380977708691,2.895883948639496,0.2174278804868448,3120,3150,0
93.35927367055771,1.1493867252932644,7.572687702654341,-0.36259576987030834,3150,3180,0
93.35927367055774,1.2310866908605553,5.343882913037424,-0.1185096448977368,3180,3210,0
93.35927367055771,1.2096147519020828,2.5146006809582637,0.2867322313358261,3210,3240,0
93.35927367055768,1.1761041482640227,4.276481343976164,-0.004543900555505035,3240,3270,0
93.35927367055766,1.059689316950775,5.364585718375694,-0.3502937205800216,3270,3300,0
93.35927367055774,1.1708133126512037,5.710833797645343,-0.20888301659983755,3300,3330,0
93.35927367055771,1.2796772923388806,3.7075663631935316,0.08706750895700771,3330,3360,0
93.35927367055771,1.2407969292020176,5.770497225522711,-0.18722161503928364,3360,3390,0
93.35927367055768,1.265919837137286,2.496695215222262,0.28781264605424695,3390,3420,0
93.35927367055768,1.3844943669288003,7.039347541408815,-0.34850248514938786,3420,3450,0
93.3592736705577,1.3409951718385267,6.769157413939,-0.2702104063594873,3450,3480,0
94.14053559166855,1.5349457038439995,2.020187193775934,0.24980984941621973,3480,3510,0
94.14053559166858,1.1485428594986606,6.5190856120949325,-0.18829483796074,3510,3540,1
94.14053559166861,1.0684114652987857,2.4310425633207386,-0.003638901108709347,3540,3570,0
93.3592736705577,1.5367450677432033,7.9254350208910855,0.1105939011184237,3570,3600,0
94.14053559166858,1.002019264009753,9.300146201019372,-0.20847750476996021,3600,3630,0
94.14053559166858,1.2216691032736806,0.7799786238018944,0.10921821000624421,3630,3660,0
94.1405355916686,1.2217507464076942,9.620992627726451,-0.2218741827444732,3660,3690,0
93.35927367055771,1.6403519358357026,5.397138752641861,-0.5091344687519122,3690,3720,0
95.31242847333485,1.1263841009844024,8.437584822388262,-1.0813719290283232,3720,3750,0
89.062333104448,1.4314507873754982,2.7248849899398184,0.7270407453537134,3750,3780,0
87.10917830167087,0.6876745408692048,3.5966014218114988,0.1595681207351557,3780,3810,0
94.14053559166855,1.267886767658369,8.576883982066507,0.8346104495302834,3810,3840,0
94.1405355916686,1.039325089702814,0.5295835890853022,0.6077676204293457,3840,3870,0
94.14053559166858,1.4212062000446506,6.75249253039072,-0.15337406054407787,3870,3900,0
90.2342259861143,1.210246781839257,8.781741590873144,-0.32245286202834805,3900,3930,0
0.0015259021896869447,0.7606331964705652,0.37664427820831925,0.1478468028341819,3930,3960,0
92.18738078889142,1.0576044209767284,6.319499005551364,-0.5408160267408415,3960,3990,0
93.35927367055768,3.389282870574811,9.867932478038503,-0.18009322741591605,3990,4020,0
93.35927367055774,-1.0590148988797168,7.855696526069981,0.01007355414857456,4020,4050,0
94.14053559166855,1.2704275881995235,5.904678678617695,0.01323044854731364,4050,4080,0
93.35927367055771,1.3242843418466301,6.347688624881827,-0.036491677367327675,4080,4110,0
92.18738078889142,1.1321247903826528,6.337356916448626,-0.030869549507368685,4110,4140,0
92.18738078889145,1.2161824416405334,8.99921071443803,-0.1297515457445158,4140,4170,0
92.18738078889147,1.2927820709473945,-1.3799722040176317,-0.009420906534785705,4170,4200,0
91.01548790722512,1.0329869718735176,5.693472194844755,-0.03973397602740964,4200,4230,0
92.18738078889142,1.2492029039223016,-6.923225159429496,-0.0035622272665893247,4230,4260,0
91.01548790722516,0.7101894477528444,16.888811564198285,0.3902893341378882,4260,4290,0
94.14053559166858,0.229841409014093,-15.575570003701012,0.15421958249203635,4290,4320,0
92.18738078889145,1.1041922947111276,-9.538147866771302,-0.012872959205472434,4320,4350,0
91.01548790722516,1.2394260160728847,4.026786793394646,-0.03980612398674935,4350,4380,0
91.01548790722516,1.038050158854575,11.583872795575854,-0.06752323318363632,4380,4410,0
93.35927367055771,1.2712546855623872,10.7006458694445,-0.06402992303041619,4410,4440,0
90.23422598611431,1.4691973223586432,1.0920605995786297,-0.02127994488816855,4440,4470,1
91.01548790722516,1.1064175781529162,1.328327824359391,-0.011356997665572494,4470,4500,0
89.062333104448,1.5829642418818828,8.978713247377385,-0.07758162870719876,4500,4530,0
91.01548790722514,1.3833387719857884,7.408283626580735,-0.04235608954419795,4530,4560,0
91.01548790722512,1.26554035618255,10.532833557468514,-0.06625612257891533,4560,4590,0
91.01548790722512,1.3247041275278375,8.462017877850721,-0.12321746934935372,4590,4620,0
91.01548790722516,0.9448780419716936,6.259976248294859,-0.038777981462320886,4620,4650,0
91.01548790722516,1.1574321901355653,0.03725143570432881,-0.017834863315656816,4650,4680,0
91.01548790722515,1.275631201215836,4.32513261605145,-0.08191177772178966,4680,4710,0
91.01548790722514,1.2369384345154004,4.313913727729802,-0.03132524825821286,4710,4740,0
94.14053559166858,1.3363937798569345,10.50593344006344,-0.033086877723056324,4740,4770,0
91.01548790722516,1.4484037117336164,8.651347669154651,-0.063369200142799,4770,4800,0
91.01548790722521,1.0702907899172533,5.783373069313602,-0.03261271207278242,4800,4830,0
92.18738078889143,1.2954712172704492,10.984047091129515,-0.060079109343198094,4830,4860,0
90.2342259861143,1.2498090483559101,4.762769404352389,-0.03817536551229814,4860,4890,1
91.01548790722514,1.2768440603636433,3.187903001848145,-0.021077776604842058,4890,4920,0
91.01548790722514,1.1344031754100359,6.962109983077785,-0.08072385114276147,4920,4950,0
91.01548790722512,0.9274922302384019,10.551424731283959,-0.061739245401089354,4950,4980,0
91.01548790722516,1.3004374356285127,7.58452263556884,-0.05763454703991275,4980,5010,0
92.18738078889139,0.9995334178443642,10.205427494150086,-0.06640030227453686,5010,5040,0
91.01548790722511,1.2788910673723588,2.489234500592718,-0.014321686577044721,5040,5070,0
91.01548790722511,1.287305168671928,2.961754769911686,-0.0020431098283120903,5070,5100,0
92.18738078889139,1.4368428151634236,4.513269890698386,0.028583898405788427,5100,5130,0
92.18738078889143,1.0307702188339276,1.9342401056010232,0.08930130308435243,5130,5160,0
96.0936903944457,0.3469569361230721,5.495799321526133,-0.3335637347046286,5160,5190,0
93.3592736705577,1.27020199333538,15.627723510453425,-0.02522276552653345,5190,5220,1
94.14053559166858,1.213161860829564,-11.685891981809062,0.1717249458353751,5220,5250,0
93.35927367055771,1.2945328349160463,1.3910614093693003,0.037592624660239576,5250,5280,0
92.18738078889142,1.2677830460490258,21.610215322533477,-0.017866614776336425,5280,5310,0
93.35927367055777,1.1763875008553433,-10.029103847777915,-0.052883912196206695,5310,5340,0
93.3592736705577,1.4393245936274395,12.589650017515895,-0.14687377535981952,5340,5370,0
93.3592736705577,1.287140634974469,-10.508234531870535,0.04612894109883811,5370,5400,0
93.35927367055767,1.4565931594329866,11.640119966790845,0.004816510002323297,5400,5430,0
93.35927367055771,1.2911161175580848,-23.290828202254733,0.08168292752918284,5430,5460,0
93.35927367055773,1.1607096539363533,-10.14711148777386,0.16782866535399257,5460,5490,0
93.35927367055768,1.3568435142416708,-12.497694173804362,0.08537545030243429,5490,5520,0
93.35927367055771,0.36778291851614353,-14.003345430066972,0.682145675727342,5520,5550,0
95.31242847333488,1.398422062262526,21.12729093613335,-0.016929844204659938,5550,5580,0
94.1405355916686,1.3157081009785005,28.636656984409434,-0.1730408418090431,5580,5610,0
95.31242847333488,1.3629149877884965,28.40539013286868,-0.060060829812094346,5610,5640,0
94.14053559166861,1.1897104940309613,-19.287805558740956,-0.030203949251868437,5640,5670,0
94.14053559166865,1.433006487992198,15.374052942479356,0.023309042826973138,5670,5700,0
93.35927367055771,1.4095937448554545,-1.0347754368911353,-0.10293414997948953,5700,5730,0
93.35927367055773,1.3915926279386726,-14.137068101824589,0.060257080377670504,5730,5760,0
93.35927367055776,1.2790594347005284,-12.574386936079076,0.09083702788531772,5760,5790,0
95.31242847333488,0.6662937975742952,12.769264724842921,-0.13830652566726667,5790,5820,0
94.1405355916686,1.1551030266210636,-9.55941668183704,0.05652952654506365,5820,5850,0
94.1405355916686,1.2290448033609773,-1.8330067109044579,0.013262405482350526,5850,5880,0
94.1405355916686,1.1335071484163552,20.025778453822216,-0.10293887551093633,5880,5910,0
93.3592736705577,1.1719982621369673,-1.4111127734446098,-0.017836382585208563,5910,5940,0
94.14053559166854,1.142875565181207,-8.30011628056089,0.04724585112044426,5940,5970,0
93.35927367055768,1.3816581998723454,6.480518041837922,0.06416564793872169,5970,6000,0
93.35927367055776,1.093025794931024,-10.936577486121369,0.07212367705438445,6000,6030,0
94.1405355916686,1.3745792146604563,21.513466923237665,-0.15068557552001324,6030,6060,0
94.14053559166862,1.0905273216185778,-7.477232057387207,-0.0005336436453548391,6060,6090,0
94.14053559166865,1.2229750593528965,-9.495593236883236,-0.00776526756391663,6090,6120,0
94.14053559166861,1.1856876228830069,-0.9431356485291936,0.10572151653706824,6120,6150,0
94.14053559166857,1.5708752332020224,-20.20872457141767,-0.25580335298321244,6150,6180,0
94.14053559166858,1.481216865665953,3.159859581579751,-0.8767607517720158,6180,6210,0
94.1405355916686,0.7590698038612098,15.995479759660505,-0.14197707172840898,6210,6240,0
94.1405355916686,1.088392588659564,3.496904626064412,-0.08955866806028526,6240,6270,0
93.35927367055771,1.1920017992380902,-7.778651374073944,-0.024477297384379943,6270,6300,0
93.35927367055774,1.1998354881479298,-1.9971007301191364,0.08221866878960682,6300,6330,0
93.35927367055773,1.2488408864779945,-11.756409257861732,0.043941073298885344,6330,6360,0
93.35927367055773,1.0545157714550264,1.4581142299719583,-0.05474794422085877,6360,6390,0
95.31242847333483,1.2455790935178899,-5.405284333480929,-0.001841195560379852,6390,6420,0
94.14053559166862,1.1508910442202012,-3.155123751356557,-0.05873295188106591,6420,6450,0
94.14053559166857,1.2143104430127059,-5.779654970486536,0.027083915159148854,6450,6480,0
94.14053559166858,1.1573818912886908,7.4084422294401095,-0.07778781477670926,6480,6510,0
93.35927367055773,1.2560297416486295,-8.894493694108213,-0.005385183011040576,6510,6540,0
93.3592736705577,1.0707033655624654,-10.723764733931276,0.07724934239247937,6540,6570,0
94.14053559166861,1.1986396919293303,19.875333558506643,-0.11185447599592349,6570,6600,0
94.14053559166858,1.2099733502589494,-7.951217505218749,0.033531993146370044,6600,6630,0
94.14053559166855,1.1186532796446709,-8.298689283770607,-0.007663716486443194,6630,6660,0
94.1405355916686,0.9107316159434072,-4.671595923941228,-0.05654255248730065,6660,6690,0
94.14053559166862,1.171216474618651,-8.731432345426896,-0.01004474636613692,6690,6720,0
94.14053559166857,1.2819211213367638,-0.12101535902117527,0.042497786566585975,6720,6750,0
95.31242847333488,1.6743644609394308,17.352445584671266,-0.7910038727338866,6750,6780,0
95.31242847333485,0.9330359111540538,0.9751267690405072,0.023696814407644387,6780,6810,0
93.35927367055771,1.2256503918766721,15.026413797233477,-0.08477617442707325,6810,6840,0
91.01548790722518,1.301107954483651,5.133122844140831,-0.056080015394917186,6840,6870,0
91.01548790722512,1.1937071016041227,6.092174317636116,-0.06242507237934372,6870,6900,0
91.01548790722516,1.0923273456450913,-1.180209310431394,-0.03537360181430185,6900,6930,0
92.18738078889143,1.0629274386973075,-2.144053460881979,0.004190184184882309,6930,6960,0
92.18738078889146,1.3001266618710403,-9.499650512544308,0.00035354022860351227,6960,6990,0
92.18738078889145,0.8964259006982965,6.964722808384363,-0.002499327742629131,6990,7020,0
92.18738078889142,1.517070798001239,-4.404532470504718,0.011031425544376207,7020,7050,0
91.01548790722515,0.9907031991702498,7.3370742836071505,-0.027867540316422357,7050,7080,0
92.18738078889143,1.3726980415664474,1.6136069071059815,0.008443167127237151,7080,7110,0
91.0154879072252,1.1835117794331842,13.245087634577708,-0.07526506722288985,7110,7140,0
92.18738078889143,1.4010394889558393,7.834471239153456,-0.01036859312177058,7140,7170,0
92.18738078889146,1.2261874935065387,-7.87548613571872,0.017746389912836388,7170,7200,0
92.18738078889142,1.1627290735530917,16.904287473364572,-0.04839067387808588,7200,7230,0
92.1873807888914,1.3061831414228713,13.018906800112388,-0.08945098686757663,7230,7260,0
91.01548790722516,1.1407566285567186,-9.818586708316523,0.005045851229455749,7260,7290,0
93.35927367055774,1.1989834722304817,6.220836336164018,-0.010314552083375313,7290,7320,1
92.18738078889147,1.2141356127843337,11.42123591914158,-0.06401172127246584,7320,7350,0
92.18738078889145,1.4213132499626768,17.04037164753794,-0.07017485244492884,7350,7380,0
92.18738078889145,1.2216558794604002,0.8385652708466161,-0.006315781246633897,7380,7410,0
92.18738078889149,1.2645109523636695,2.405159668062675,-0.04836586563920031,7410,7440,0
92.18738078889145,1.0838239283253197,-4.947738723027052,-0.021056244542124763,7440,7470,0
91.01548790722518,1.2944914640241305,19.055196421661496,-0.07822728981921372,7470,7500,0
91.01548790722518,1.2534809932453579,9.670057741574196,-0.06283648067612334,7500,7530,0
92.18738078889143,1.2264163311669227,0.07803758423949575,-0.03541646157789539,7530,7560,0
91.01548790722514,1.2212726470762256,-4.890682499897132,-0.016399477386627354,7560,7590,0
92.18738078889145,1.173016818052948,-2.9001261869937043,0.012070611902018594,7590,7620,0
91.01548790722522,1.284060058868471,15.543861660730702,-0.06702359347050427,7620,7650,0
91.01548790722514,1.1723927307508455,0.9939721118272034,-0.024551987790254238,7650,7680,0
90.23422598611423,1.213141049510876,6.9725304649980515,-0.03444112696007964,7680,7710,1
90.23422598611432,1.1707370843990483,17.6454241246476,-0.07599831741308218,7710,7740,0
89.06233310444803,1.1922572667668794,-4.732748374864102,-0.025067544156938872,7740,7770,1
90.23422598611427,1.325172513931788,5.597568944588748,-0.03704260923804197,7770,7800,1
89.06233310444799,1.2592981393976688,12.227633434377756,-0.04695409102722033,7800,7830,1
89.06233310444799,1.1971974497185742,-4.1959817604775065,-0.0048206864424130925,7830,7860,1
89.06233310444804,1.3312179939121083,-2.9642952574297756,-0.00036418039502738263,7860,7890,1
89.06233310444802,1.2983081718682494,9.272560614717271,-0.050289069611111493,7890,7920,1
90.23422598611432,1.2778203201118683,16.854057476627734,-0.08105391038439674,7920,7950,1
91.0154879072252,1.218054131099258,-5.3659974809972395,-0.008376631666045535,7950,7980,1
90.23422598611428,1.2373599032426679,6.597712224686688,-0.05424917826081768,7980,8010,1
88.28107118333713,1.2955045053407788,5.0714369521657305,-0.04785278750314293,8010,8040,1
87.10917830167085,1.3857794277592006,15.582851249768877,0.6686688678556032,8040,8070,1
95.31242847333486,1.4219725157437477,8.210729269850551,-0.03912519919055851,8070,8100,0
94.1405355916686,1.3197452457632517,-1.443476933552401,-0.016606450364149063,8100,8130,0
93.35927367055773,1.305740821931687,7.452039708638091,-0.03698483306342526,8130,8160,1
85.15602349889372,0.61096340940442,-7.045619229605072,0.889845941492691,8160,8190,1
96.0936903944458,1.1619311186498458,17.20979397517944,-0.01420810338726741,8190,8220,0
95.31242847333489,0.943652793092666,-8.432405605133642,-0.014527928125402299,8220,8250,0
93.35927367055774,1.2357817527028976,12.561170182324302,-0.060361131513451266,8250,8280,1
93.35927367055773,1.2226079211725163,-1.1334089632749866,-0.03961954868487449,8280,8310,0
93.35927367055776,0.9885172697233962,-12.279653978078464,0.022964175810339993,8310,8340,1
95.31242847333492,1.1287063230291554,2.7735141488587285,-0.01208869513865912,8340,8370,0
92.18738078889142,1.1016306740372972,10.987961099760051,-0.04468343413402762,8370,8400,1
94.1405355916686,1.1696521358548149,1.3381883255980318,-0.00709519742093449,8400,8430,1
94.14053559166865,1.0785721390313796,-8.53512822065164,0.011853746688042307,8430,8460,0
92.18738078889145,1.1166917211654999,1.904378512201145,-0.029227589510869095,8460,8490,0
90.23422598611425,0.2518094626524002,16.678187218280073,-0.06385464400465796,8490,8520,1
96.09369039444574,1.3086732968999841,0.8697947021634251,-0.04109205565515914,8520,8550,0
94.14053559166862,1.1374602883292784,9.169608305758254,-0.024658963403455893,8550,8580,0
94.14053559166864,1.3267418541380533,7.386924757207135,-0.02252487867449976,8580,8610,0
93.3592736705577,1.2448235065419253,15.444373128919622,-0.041640209852094094,8610,8640,1
93.3592736705577,1.189067412311294,7.51089996608591,-0.01769666217368079,8640,8670,0
93.35927367055777,1.3402053766488,-5.802175613758455,-0.010610519112388207,8670,8700,1
94.1405355916686,1.2357991953175274,-9.49637533339216,0.0045193165977450486,8700,8730,0
93.35927367055774,1.161202446898614,-2.226248921502951,-0.035374186079478204,8730,8760,0
93.3592736705577,1.3336756254101492,4.978852943933373,-0.04065190540093889,8760,8790,0
92.18738078889145,1.177155661602618,11.343063456528476,-0.031316535857826525,8790,8820,0
93.3592736705577,1.3359651945056288,9.638509009800371,-0.03757495526262011,8820,8850,0
93.35927367055767,1.6588862740071164,8.924770112104715,-0.05394184092373421,8850,8880,0
93.35927367055768,1.1587261906957265,10.802837531890901,-0.04878054489368752,8880,8910,1
94.14053559166858,1.291752091713302,14.454895666478965,-0.04440760424212539,8910,8940,0
93.35927367055776,1.3104519513117294,2.367145494498357,-0.016660159648426147,8940,8970,0
94.14053559166861,0.987128597475894,-2.321656359091387,-0.033693315726305066,8970,9000,0
93.3592736705577,0.963553514146919,7.8164045444426185,-0.03964275313574181,9000,9030,0
93.35927367055773,1.3466234973882354,11.601998265512314,-0.04988122321616445,9030,9060,0
94.14053559166862,1.0312817042693803,9.883422491049565,-0.04932196900309465,9060,9090,1
93.35927367055771,1.3497337015731659,6.322355304103951,-0.030000294202044565,9090,9120,1
93.35927367055771,0.9591218326395355,5.922128682947136,-0.8116714155515201,9120,9150,0
96.0936903944457,0.9835331828939321,19.987163543329515,0.12010668205021997,9150,9180,0
94.1405355916686,0.6455411593159713,-4.775320995175973,-0.017982318805041128,9180,9210,0
94.14053559166861,1.3207172397057847,16.60127823736249,-0.06183612306696195,9210,9240,0
94.1405355916686,1.275382480509211,8.511234350113703,-0.026658021596767518,9240,9270,0
94.1405355916686,1.3927787352226417,9.367227271557613,-0.02129252801925091,9270,9300,0
93.35927367055776,2.1362345013692123,4.416529747354348,-0.04419859445928119,9300,9330,0
96.0936903944457,1.0895670056313314,3.0446543320419965,0.05052328555043794,9330,9360,0
94.14053559166861,1.2533770660680952,-7.152334284848886,0.279605547046551,9360,9390,0
94.14053559166861,1.135859063049029,-12.583507699330768,-0.6149035373424325,9390,9420,0
94.14053559166862,1.0804870929301023,28.480546670663234,-0.124582179262434,9420,9450,0
94.14053559166857,1.4178610190104965,30.742573318228196,-0.08585783432059435,9450,9480,0
94.1405355916686,1.3762300196084438,-17.266752849223938,0.2697254720277659,9480,9510,0
94.14053559166862,1.4062421115274641,31.976593181144935,-0.1411254049692921,9510,9540,0
93.35927367055776,1.0716387978151662,-6.64043793706669,0.06906818341108328,9540,9570,0
93.3592736705577,1.2389887914555124,-1.8631050064794143,-0.038152030258971695,9570,9600,0
94.1405355916686,1.4207932238992547,3.875758782439149,-0.03429763009728103,9600,9630,1
93.35927367055773,1.3680663890394555,18.256226066721013,-0.11083895317875835,9630,9660,0
94.14053559166862,1.1944124968268326,7.7314368551224595,-0.12145172158297493,9660,9690,0
94.1405355916686,1.2255731188428387,-3.7453164018872287,0.07662972375495485,9690,9720,0
95.3124284733349,0.8541482973667102,2.7519287682281672,0.05988209854467461,9720,9750,0
94.1405355916686,1.286163193116733,1.2782402624214253,-0.10550233226177719,9750,9780,0
95.3124284733349,1.5853830142000145,10.68596054145803,-0.251815540891677,9780,9810,0
97.26558327611203,0.8611531573133849,-2.9157020607802098,0.9317798056156165,9810,9840,0
95.3124284733348,0.9632217270608114,12.910556776742329,-0.7251904063737141,9840,9870,0
95.31242847333492,1.2846231016494607,12.667207220752637,-0.17207778231198578,9870,9900,0
0.001525902189672346,0.5548040028662136,1.8333081386727237,-0.1587930929907031,9900,9930,0
98.04531929503318,0.08974674114240058,-1.1920338987861043,0.11280840311912309,9930,9960,0
93.35927367055774,1.1635603165444381,17.164358721596624,-0.6857254494623146,9960,9990,0
93.35927367055774,1.4201499960212927,16.445096668668423,0.3355337270957271,9990,10020,0
94.14053559166861,1.564429647592847,-7.5099609970742485,0.11592750667747097,10020,10050,0
93.35927367055777,1.0315949503263389,-13.193799116685454,0.14515926240707802,10050,10080,0
92.18738078889143,1.6719111177385793,-5.072894869492074,0.03465021017026398,10080,10110,0
92.18738078889143,0.9301742012721725,-9.253941193649299,0.0555704721385179,10110,10140,0
92.18738078889145,1.3500278296663302,10.364780035923111,-0.028639562851635075,10140,10170,0
92.18738078889143,0.6541294723174474,22.17653163480492,-0.13701168973633987,10170,10200,0
92.1873807888915,1.3545420996182942,1.8006849933096534,-0.004654526324416373,10200,10230,0
92.18738078889147,1.2596238010924585,12.310193128113294,-0.07722345995891913,10230,10260,0
92.18738078889143,1.2187856079780637,20.48279278907665,-0.08856306344059452,10260,10290,0
92.18738078889145,0.9886048991289073,-7.055184324681448,0.007961235815574287,10290,10320,0
92.18738078889143,0.1768558914005416,17.877875055880903,-0.07416984157855792,10320,10350,0
93.35927367055771,1.3868346434207777,0.01655906367494921,0.003611591503703273,10350,10380,0
93.35927367055778,0.9220643085920751,15.87881646817628,-0.06579414875004272,10380,10410,0
93.35927367055774,1.1276259545935263,-7.319797636285597,0.0005999567001381902,10410,10440,0
92.18738078889147,1.1616359640950344,5.563353176816779,-0.03942784004532904,10440,10470,0
92.18738078889145,1.0193785284247798,-4.191890171310702,0.013937205598320977,10470,10500,0
92.18738078889147,1.182702433521227,3.9293943265336853,-0.016967253617172405,10500,10530,0
92.18738078889146,1.06760997246787,16.995586966813455,-0.09531320745984223,10530,10560,0
94.14053559166862,1.516898315808019,2.2235502686709565,-0.023407960711299497,10560,10590,0
92.18738078889146,1.4039981937305532,10.651511076846631,-0.058889855395205276,10590,10620,0
92.18738078889147,1.1469112223162035,-4.896371043290076,0.03539505767702273,10620,10650,0
93.35927367055776,1.0774441974490938,14.186051190114208,-0.08528200051170393,10650,10680,0
92.18738078889145,1.2526246338094045,14.674065260145065,-0.09138756194456463,10680,10710,0
92.18738078889147,1.1182352925429624,-6.005937948143064,0.03328186376949193,10710,10740,0
92.18738078889143,1.1381187533293988,10.128551435089847,-0.06307386874409897,10740,10770,0
92.18738078889152,1.2192533879118954,7.464229641156364,-0.050607692548964016,10770,10800,0
92.1873807888914,1.256722515085835,-5.624062381158645,0.04709156617743431,10800,10830,0
92.18738078889149,1.2315712544361352,2.6937970371342845,-0.018909793372366986,10830,10860,0
92.18738078889142,1.3731391745234305,-5.218665968038377,0.03046715677183733,10860,10890,0
92.1873807888915,1.1200285618880537,-4.431561026402501,0.03405145340784116,10890,10920,0
92.18738078889147,1.4204564333838936,-4.731461256027055,0.026900891272132323,10920,10950,0
92.18738078889145,1.1768623820500719,7.907499379861067,-0.05300342805802338,10950,10980,0
92.18738078889147,1.0438488174985205,14.771362513183778,-0.10108064232697177,10980,11010,0
92.18738078889147,1.0865859154774025,10.330608565921343,-0.060459878129653755,11010,11040,0
92.18738078889142,1.1902494928401903,-5.641433312309401,0.016587197061572446,11040,11070,0
92.18738078889143,1.1220770628058738,17.33918881319755,-0.0961010167552466,11070,11100,0
92.18738078889147,0.9368398462957277,-1.6408048757903904,-9.996591248775549e-05,11100,11130,0
92.18738078889146,1.3421360776720557,-9.913231537887,0.021003410257046648,11130,11160,0
92.18738078889137,1.2988907933132092,15.092016252017098,-0.0901332471885784,11160,11190,0
92.18738078889143,1.0647740078633066,-6.690021649248556,0.023257984695724317,11190,11220,0
92.18738078889139,1.090251521186207,-9.093034821614223,0.016591235923669786,11220,11250,0
92.18738078889143,1.3101004101545801,17.020963268356137,-0.07352782655637762,11250,11280,0
92.18738078889146,1.1128564266371126,-10.378297987200787,0.019608549295955072,11280,11310,0
92.18738078889149,1.2788274984446342,6.567508699414713,-0.030828161382038283,11310,11340,0
91.01548790722515,1.2097209006390035,12.781425565539907,-0.07671965090710846,11340,11370,0
92.18738078889145,1.108381217986134,2.5127575099052013,-0.025155779115825807,11370,11400,0
91.01548790722518,1.2273031542985364,13.849913798376718,-0.06904030994447855,11400,11430,0
92.18738078889145,1.3019534091744387,16.770322908214148,-0.08034861493333621,11430,11460,0
92.1873807888914,1.15769794430406,5.318392858034688,-0.03206874702688264,11460,11490,0
92.18738078889146,1.3311272364869344,18.92079026654841,-0.10307283836507142,11490,11520,0
91.01548790722512,1.0680280066665817,11.82716203207657,-0.05265326733605688,11520,11550,0
92.18738078889146,1.1160174728321268,-0.7866429517119117,-0.022786705094556006,11550,11580,0
91.01548790722516,1.1781608233472791,20.502157984330676,-0.09480732916708859,11580,11610,0
91.01548790722516,1.2066102416531783,-2.3315841550866088,0.010141832522598189,11610,11640,0
91.0154879072252,1.0581794676988896,-7.408833922774439,0.017865428699253044,11640,11670,0
92.1873807888915,1.3046192199304654,19.217945469399123,-0.09350046691333831,11670,11700,0
91.01548790722516,1.200371990029343,16.11626018868219,-0.07996379543506124,11700,11730,0
91.0154879072252,1.2847011279675982,-3.071719407978126,0.017747659158324842,11730,11760,0
91.01548790722516,1.2933874703046044,16.754995946892326,-0.08528934782328117,11760,11790,0
91.01548790722515,1.1581834661557682,15.005191283546381,-0.08218389200527985,11790,11820,0
91.01548790722514,1.2747587781793384,16.875946230034724,-0.07915923893845309,11820,11850,0
91.01548790722512,1.2221928507674948,-5.8101973959351065,0.010799328429258738,11850,11880,0
91.01548790722514,1.124382975564047,-6.773873245519998,0.027108657974090733,11880,11910,0
91.01548790722515,1.2639392205286597,20.26819561297326,-0.071687065978895,11910,11940,0
92.18738078889147,1.1642641908816682,-10.876468967219557,0.02154009544539844,11940,11970,0
92.18738078889146,1.358878514017411,6.790885763528471,-0.024198333739101713,11970,12000,0
91.01548790722512,1.2265220631819194,16.058459904728373,-0.09727344845101223,12000,12030,0
91.0154879072252,1.2258980526178245,7.791232762891129,-0.044356008773299954,12030,12060,0
91.01548790722518,1.2173920012211001,20.36459439032915,-0.09275058048649608,12060,12090,0
91.0154879072252,1.2698728374557837,-3.1520045655259477,0.004296032849520104,12090,12120,0
91.01548790722512,1.1791442571894524,4.943119968433189,-0.05027459143398875,12120,12150,0
91.01548790722518,1.1467956712068674,-5.091124242064614,0.02156068170499975,12150,12180,0
91.01548790722518,1.148681078616358,-8.292553150494134,0.03338540404643874,12180,12210,0
91.01548790722522,1.2513630601351948,5.573157994389765,-0.02411243453066697,12210,12240,0
91.01548790722511,1.1665691253899624,17.06723695680477,-0.09121746491798148,12240,12270,0
91.01548790722518,1.3061417938046476,-3.4761633108109056,-0.018737749755296698,12270,12300,0
91.01548790722512,1.043504701173946,-7.570150491090101,0.03183351788397385,12300,12330,0
91.01548790722522,1.1285849495782374,19.428073793440042,-0.09051643723100668,12330,12360,0
92.18738078889143,1.2283452302493691,12.137441474164897,-0.06876194960132247,12360,12390,0
91.01548790722522,1.2397059231443042,-4.473010895749092,0.0078065062398325336,12390,12420,0
91.01548790722518,1.1253689959974393,5.299857785712935,-0.028080738658325166,12420,12450,0
91.01548790722521,1.230387576663376,16.956667389655234,-0.09507648772893755,12450,12480,0
91.01548790722514,1.2902565094751262,17.354970901584974,-0.10641006211687305,12480,12510,0
91.01548790722512,1.2325600045980574,4.05934677208019,-0.02968963009593526,12510,12540,0
91.0154879072252,1.2491620662624907,11.346675906197065,-0.06515573292277017,12540,12570,0
91.0154879072252,1.2287037445955524,7.240615193738224,-0.06189765958236859,12570,12600,0
92.18738078889143,1.1250350156776079,5.895637420538438,-0.021466790781825184,12600,12630,0
91.01548790722514,1.1243938674217926,-3.4131169808999857,0.010790628131890113,12630,12660,0
91.01548790722514,1.2114677506071396,16.97293050997386,-0.08493044439848951,12660,12690,0
91.01548790722518,1.093087922833707,-4.052035422607271,0.012230033500633711,12690,12720,0
91.01548790722516,1.2476116021909112,5.930392824174149,-0.055983285205854695,12720,12750,0
91.0154879072252,1.136363596094166,1.724180297912209,-0.003805149760440705,12750,12780,0
92.18738078889146,1.211541377693911,-0.8259774384986299,-0.024799617247095937,12780,12810,0
92.18738078889146,1.154407665932129,8.081693710792363,-0.046500603501215605,12810,12840,0
91.01548790722515,1.1865623483408467,-0.2992868993526316,0.007392335100959016,12840,12870,0
91.01548790722516,1.22892627206296,-10.685107135083225,0.02529613866227347,12870,12900,0
91.01548790722516,1.2161707843313447,13.193764302818119,-0.081775368060077,12900,12930,0
92.18738078889147,1.3415851223079343,6.687885417089666,-0.06306639451099554,12930,12960,0
91.01548790722511,1.1962417848204714,6.050365129515663,-0.0554245219091749,12960,12990,0
92.18738078889145,1.3008926904125642,13.397613239259096,-0.04944243418643797,12990,13020,0
92.18738078889143,1.0805554872435672,-3.6620851827898075,-0.006580624731556669,13020,13050,0
91.01548790722514,1.2180733173585043,4.603927041541321,-0.01815167527183371,13050,13080,0
91.01548790722515,1.196089159321427,-7.336041489763229,0.013147754110377472,13080,13110,0
91.01548790722512,1.0669673820795058,-8.203711585478098,0.04591844067857868,13110,13140,0
91.01548790722516,1.1403848685389915,17.105106510077224,-0.07571710625155526,13140,13170,0
92.18738078889146,1.2825114192292333,-13.580604789934126,0.025651229291221198,13170,13200,0
92.18738078889142,1.1288490076552289,19.33035690863258,-0.07549969019932057,13200,13230,0
92.18738078889147,1.243220072949036,15.740672718493279,-0.07151465296921372,13230,13260,0
91.01548790722515,1.1297295806727976,-2.921532218151618,0.021922028277185413,13260,13290,0
92.18738078889147,1.1712929512901193,1.4995319757189431,-0.014014271382791987,13290,13320,0
91.01548790722516,1.2341892916047392,19.512207051783953,-0.09776424748891385,13320,13350,0
91.01548790722518,1.1732991682992113,13.793407608093737,-0.07811722114432872,13350,13380,0
91.01548790722515,1.030817710442657,-2.5489597455349458,0.00580633949235582,13380,13410,0
91.0154879072252,1.1389022963273177,19.65801795657009,-0.09535447617705352,13410,13440,0
92.18738078889145,1.3181776221502157,-2.6059380980239166,0.010815086962523118,13440,13470,0
91.01548790722518,1.1811772907536968,2.6431772907974693,-0.012822956349912993,13470,13500,0
91.01548790722514,1.318981804907817,9.494819911434627,-0.054973040446153455,13500,13530,0
91.01548790722521,1.2641861828726586,1.6534980874493357,-0.02484796993126231,13530,13560,0
91.01548790722511,1.2209180505732267,3.4734122881502163,-0.017699382126981543,13560,13590,0
91.01548790722512,1.555892144251438,12.228307052156595,-0.0854950536854725,13590,13620,0
92.18738078889145,1.460973863607757,16.010841016384813,-0.07493425218710094,13620,13650,0
91.0154879072252,1.6223698119947232,10.083296322300951,-0.05238459769027681,13650,13680,0
91.01548790722514,1.193372270666466,3.9872378389674132,-0.03414047893549736,13680,13710,0
91.01548790722514,0.04540475481659217,-1.1106082385125446,-0.008231368349256621,13710,13740,0
92.18738078889146,1.2133291909006987,-10.355587588122338,-0.013112288642926224,13740,13770,0
93.35927367055771,1.3357324772347239,17.987808285924807,-0.058283019556903605,13770,13800,0
92.18738078889142,1.3602165008190046,2.613752635353041,-0.02791793983410984,13800,13830,0
92.18738078889146,1.4579228438719543,-1.752918186689242,0.11078772362638506,13830,13860,1
94.14053559166855,1.1559218659874626,7.03244929150976,-0.03965408601310351,13860,13890,1
92.18738078889147,1.1452566643232505,5.067315527722521,-0.03469007420359247,13890,13920,1
92.18738078889145,1.2501324801672513,17.673700366992673,-0.08979354624113392,13920,13950,1
90.23422598611432,1.2226568178763833,12.436815593898231,-0.07971709269171044,13950,13980,0
90.23422598611428,0.9463798348833071,-0.32846302412337147,-0.01653381831895064,13980,14010,1
91.01548790722521,1.117426149660337,-9.047781558073131,0.02281819307144162,14010,14040,0
88.28107118333718,1.1513975641489302,14.033553956517338,-0.06961885158438473,14040,14070,0
87.10917830167087,1.205965726836911,21.205364422598368,-0.14533301107359362,14070,14100,0
93.35927367055774,1.1599346039788356,3.830835342695786,-0.03181391766532774,14100,14130,1
90.23422598611437,1.2767958812831206,17.033648590649474,-0.07078681333220088,14130,14160,1
89.06233310444804,1.1504476882120724,-7.764880237975276,0.027104782687289893,14160,14190,1
90.23422598611431,1.2263413610891554,-3.530826028737465,0.007618974086177299,14190,14220,1
90.2342259861143,1.1634415816047476,19.562052407253454,-0.11749549373345557,14220,14250,0
93.35927367055773,1.2476530549966418,16.207976020578652,-0.0914938966523721,14250,14280,0
91.01548790722511,1.1813134332974498,16.333556209365906,-0.08118458357352437,14280,14310,1
91.0154879072252,1.2618455332026934,3.0854822091824983,0.0006882930092950472,14310,14340,0
89.06233310444804,1.2083302558552833,14.566465845301147,-0.07282411846780931,14340,14370,0
90.23422598611437,1.209916626521512,1.132992997229198,-0.011372885708591868,14370,14400,0
88.28107118333715,1.209644590290201,-4.101996881574463,0.023747712326490186,14400,14430,0
88.28107118333718,1.2600384425370472,-8.19821642859305,0.03334253075542861,14430,14460,0
89.06233310444803,1.2529051694359712,14.171340099265425,-0.1415213550083666,14460,14490,0
93.35927367055777,1.1448572042555012,-0.3306924892362324,-0.0037955785856515385,14490,14520,1
92.1873807888914,1.0682404742974272,16.759979948016305,-0.12905892025532364,14520,14550,1
94.14053559166858,1.0541548423309677,1.2158605032334844,-0.001706711719830949,14550,14580,1
92.18738078889143,1.1971031281300089,-0.4180761364455068,-0.03196696136405388,14580,14610,1
92.18738078889152,1.1349768152417765,0.45737972759220435,0.010609937570714123,14610,14640,1
94.14053559166855,1.2051834013947287,20.302441811550878,-0.09740944332383186,14640,14670,1
92.18738078889147,1.2157478581651522,14.578263715174012,-0.06581202195607058,14670,14700,1
92.18738078889147,1.1074136688967762,5.886300529040994,-0.046399034411299084,14700,14730,1
92.18738078889146,1.1171286331288959,2.9035019632361596,-0.044802934175752374,14730,14760,1
95.31242847333482,1.223533273860236,-4.846818586682732,0.003589886788868762,14760,14790,1
92.18738078889147,1.332986432906067,3.4896549966578485,-0.03697876138913233,14790,14820,1
92.18738078889149,1.4079751165364964,26.7121278868166,-0.12471112585983304,14820,14850,1
95.31242847333486,1.1053560600735335,14.987713145362168,-0.1133546383833576,14850,14880,0
94.14053559166862,0.2919774454957243,-4.668311457433533,0.04243562741558347,14880,14910,0
95.31242847333488,1.297716749449585,-13.149918098842711,0.04881403634914794,14910,14940,0
94.14053559166861,1.2527462951819734,18.436312292634288,-0.09447276462128618,14940,14970,0
94.1405355916686,1.1329639224046855,5.10322587123979,-0.009530811482755032,14970,15000,0
93.3592736705577,1.2830203070238373,14.968239681817881,-0.05947186037435044,15000,15030,1
93.35927367055776,1.2295976403461886,11.783776758680219,-0.0649520846903927,15030,15060,0
93.35927367055771,1.1600683687776567,15.405677487365004,-0.09326207316562186,15060,15090,0
93.35927367055774,1.19067816379623,18.117120796457154,-0.074235803829753,15090,15120,0
93.3592736705577,1.1912053675689553,16.082013211274962,-0.12096480560219301,15120,15150,0
93.35927367055776,1.3255186027859969,15.265826634645903,-0.0760420263966861,15150,15180,0
93.35927367055773,1.2120669513578823,13.392091137291096,-0.07484305923275252,15180,15210,0
93.35927367055778,1.1213220134070188,7.802578563093085,-0.049338084274032135,15210,15240,0
93.35927367055767,1.138901352289503,15.277036572102814,-0.07728127441671749,15240,15270,0
93.35927367055776,1.2625605092538144,20.26008447230912,-0.1507976391806673,15270,15300,0
92.18738078889145,1.3182765966921728,18.726601809775612,-0.1173106690149046,15300,15330,0
92.18738078889146,1.1049962737694532,20.426707335084803,-0.11213799097455415,15330,15360,0
93.3592736705577,1.1557241299920293,0.6786272842141866,-0.005496663183378728,15360,15390,0
93.35927367055771,1.078849534098255,0.18938721478388468,-0.028604182986740834,15390,15420,0
93.35927367055771,1.1291922882721654,3.9088614390813987,-0.0016034453163421066,15420,15450,0
95.31242847333492,1.1348964748027277,16.964113055024338,0.048260428789978584,15450,15480,0
94.14053559166857,1.2526399492221707,-7.93976857736167,0.0031155040637226936,15480,15510,0
93.35927367055771,1.3620097721802893,3.724973471631305,-0.009685283614586333,15510,15540,1
93.35927367055773,1.1344396309494669,24.557890830676055,-0.1228255866670458,15540,15570,0
93.35927367055777,1.5174537289216279,-12.872438589697886,0.055521692155054383,15570,15600,0
93.35927367055764,1.0987957480156196,18.179187865563378,-0.09163883106790938,15600,15630,0
93.35927367055773,1.0923816235321926,-5.460342952261038,0.0063375688732383185,15630,15660,0
93.35927367055774,1.0441021967802793,-7.805826608987907,0.035248639600936084,15660,15690,0
93.35927367055777,1.1812037178095733,9.06436979859163,0.007582889465575334,15690,15720,0
93.35927367055764,1.0489029712729714,12.952947617997166,-0.06119275557375967,15720,15750,0
93.3592736705577,1.2735741337340234,10.410618837093914,-0.0555446610422405,15750,15780,0
93.35927367055777,1.078406453764757,-13.589939464641516,0.05863821812665038,15780,15810,0
93.35927367055776,1.177973965918408,-2.098543910497842,0.014814347863139522,15810,15840,0
93.35927367055776,1.2212062435319464,14.01904792135609,-0.08855930790550536,15840,15870,0
93.35927367055773,1.3799099504993844,19.56940827954071,-0.09550158705906703,15870,15900,0
93.35927367055778,1.2706803909989488,-1.0759606969523972,-0.014386664709074726,15900,15930,0
94.14053559166864,1.097755801310774,-9.27490756858836,0.026955779981115764,15930,15960,0
93.35927367055771,1.110154056552597,11.31438698289469,-0.06855720231875588,15960,15990,0
93.3592736705577,1.1974276441696299,7.749053215654124,-0.04714098901920217,15990,16020,0
93.35927367055778,1.011182590022887,-10.456777763521423,0.03752115196556124,16020,16050,0
93.35927367055778,1.0662518316745273,-9.551823929610531,0.0156575850624792,16050,16080,0
93.3592736705577,1.1990469571940456,-0.08186348464158832,0.03017283586135432,16080,16110,0
93.3592736705577,1.2217457774043587,22.85204398808449,-0.08747543006667038,16110,16140,0
93.3592736705578,1.2791829415486748,-8.116117876716727,0.010535847794539109,16140,16170,0
93.35927367055777,1.0714139786676835,12.654080691858244,-0.07560831760324938,16170,16200,0
93.3592736705577,1.2899163288757654,24.41586814805398,-0.10471501964248581,16200,16230,0
93.35927367055774,1.263800966556972,9.85580811613352,-0.056299921046724405,16230,16260,0
93.35927367055776,1.2734240943712065,11.989024722358385,-0.046283971147527116,16260,16290,0
93.35927367055778,1.2063162588318306,-9.858018645868189,0.03648784994492052,16290,16320,0
93.3592736705577,1.3378600787179273,-5.6584018881061695,0.011247740136994998,16320,16350,0
92.18738078889147,1.1700397883684026,-5.726918200383452,0.011039471143130652,16350,16380,0
94.14053559166862,0.9813844720124889,-12.244988896469188,0.033775533255542084,16380,16410,0
92.18738078889149,0.668955143134087,-12.251920232111516,0.059213470220840114,16410,16440,0
93.3592736705577,0.9710827904271289,13.661006676809585,-0.05442833976789442,16440,16470,0
93.3592736705577,1.176991299335171,18.36187817193731,-0.08544102292138513,16470,16500,0
92.18738078889153,1.2149023658752605,-6.8325831460867255,0.0003096304732542743,16500,16530,0
93.35927367055777,1.0345625261866187,4.174940149114784,-0.028794108598085195,16530,16560,0
93.35927367055771,1.365029986565582,18.996921210297373,-0.10903376549655111,16560,16590,0
93.3592736705577,1.1151219781930644,-9.601716917315636,0.03012042478204179,16590,16620,0
92.18738078889152,1.265557223150795,9.247383747757755,-0.08787716909290713,16620,16650,0
92.18738078889152,1.2428009495059242,21.302514010359836,-0.09821082372564567,16650,16680,0
93.35927367055776,1.0422374793759144,3.338592641706435,-0.020065610420725417,16680,16710,0
92.18738078889146,1.0460702285613308,-6.5106148408796845,0.026755925712310804,16710,16740,0
93.35927367055778,1.1639556010930305,-8.214853861430145,0.030276458073330743,16740,16770,0
93.35927367055774,1.106652482517506,19.535067451485464,-0.10726578305003157,16770,16800,0
93.35927367055767,0.9034329655773279,-10.401600988986296,0.08179857754424752,16800,16830,0
93.3592736705577,1.2262910332368044,-6.292230365050505,0.022616557538357614,16830,16860,0
93.3592736705578,1.215317303098296,-0.06503660725435954,0.007148921964215462,16860,16890,0
93.35927367055773,1.2626006227137287,12.882899539263466,-0.07032191624904374,16890,16920,0
93.35927367055764,0.9721209884921428,-14.328255479016557,0.0572163681436707,16920,16950,0
93.35927367055773,1.2127016423523123,-6.556287017429121,0.03567390179447562,16950,16980,0
93.35927367055774,1.1843958230657692,2.1015139923250277,-0.010216114531103923,16980,17010,0
93.35927367055774,1.4134230353006727,-7.982413291212817,0.023882227799496853,17010,17040,0
92.18738078889143,1.089516356535795,-8.306623385526088,0.016168627005655672,17040,17070,0
93.35927367055771,1.112296054152406,21.81435468528416,-0.08546900051726973,17070,17100,0
93.35927367055776,1.0991245582555684,21.207160154151495,-0.09641492799698048,17100,17130,0
93.35927367055774,1.2372573809046272,17.403784023479997,-0.07393207840697062,17130,17160,0
93.35927367055773,1.0729998905449134,15.420291731868947,-0.02596961898939845,17160,17190,0
94.14053559166858,1.2083282168458285,18.5476735363112,-0.1011392589471549,17190,17220,0
93.35927367055774,1.1863203514817229,16.55389094907538,-0.06396210856664061,17220,17250,0
93.35927367055776,1.0168513839842235,17.291189860195388,-0.07941671311254615,17250,17280,0
93.3592736705577,1.2935160045974246,16.664630028706437,-0.08379810127720283,17280,17310,0
93.35927367055776,1.258227036527322,15.692780558861848,-0.06111128255947586,17310,17340,0
93.35927367055777,1.1478714343429632,-12.828934155514654,0.03770578172930536,17340,17370,0
93.35927367055773,1.1859678841371497,15.202318743151237,-0.09110201039972948,17370,17400,0
93.35927367055773,1.1839723658971193,5.909888226566508,-0.03474106016415457,17400,17430,0
93.35927367055776,1.1674212271211848,19.5566296033564,-0.08929924538856882,17430,17460,0
93.35927367055776,1.2658920583763789,7.099248040778986,-0.04573939973755708,17460,17490,0
93.35927367055778,1.222239256380655,13.08373467435391,-0.05586547794173661,17490,17520,0
93.35927367055773,1.1437675405555325,8.420183363350594,-0.05623586691185892,17520,17550,0
93.35927367055776,1.1293911938077534,-11.973477997465565,0.04031828465159462,17550,17580,0
93.35927367055774,0.9558373213686149,-12.536621198356464,0.046530876403038046,17580,17610,0
93.35927367055774,1.1820973209979402,16.195155751605835,-0.08226295819860764,17610,17640,0
94.14053559166865,1.1786455919518717,14.403187252206346,-0.07420542218713301,17640,17670,0
93.35927367055771,1.3410391367996557,21.050315465897906,-0.08177863182682238,17670,17700,0
93.35927367055777,1.2717678776241648,20.59653572995272,-0.09028761440084951,17700,17730,0
93.35927367055773,1.1263601514044788,12.097133285953591,-0.057510433978693376,17730,17760,0
93.35927367055768,1.148507314418576,-2.715700265220977,0.0067663390601712435,17760,17790,0
93.35927367055774,1.3204549782817832,15.401563167011957,-0.07835984099770509,17790,17820,0
92.18738078889152,1.1398378241256606,18.69586623975024,-0.09417830290066241,17820,17850,0
93.3592736705577,1.1428615854757902,14.294990805616886,-0.07997020229116225,17850,17880,0
93.35927367055768,1.0457870610683022,-3.3613420360145883,0.008547561086000091,17880,17910,0
93.35927367055774,1.2721991043134455,16.72156243079431,-0.09389734137788096,17910,17940,0
94.14053559166864,1.1108898396877387,15.535806812092872,-0.08093599780831004,17940,17970,0
94.1405355916686,1.116877782678359,15.031220720367257,-0.07636466400814124,17970,18000,0
93.3592736705577,1.2907395136349673,18.126476869066646,-0.09367340308092217,18000,18030,0
93.35927367055768,1.2720665799736026,1.3909714072230899,-0.0056040561228713716,18030,18060,0
93.35927367055776,1.4055134377221936,7.75372771510629,-0.02638506912705158,18060,18090,0
95.31242847333492,0.9467963118384568,5.477776383186304,0.1752495319630305,18090,18120,0
94.14053559166862,1.3891255042085928,-8.27471026052354,0.057519783369509886,18120,18150,0
93.35927367055773,0.9661456729016678,18.888573297155315,-0.057102490754631696,18150,18180,0
94.14053559166867,0.6680435076413177,-4.604732130821616,0.0278282339693122,18180,18210,0
94.14053559166864,0.8027520986830737,-1.5529693910299855,-0.05063258154372437,18210,18240,0
95.31242847333485,1.263814100612206,4.466374610383542,0.018229681019674267,18240,18270,0
95.31242847333488,1.2502266713965555,-11.874343754220732,0.03035342330330881,18270,18300,0
94.14053559166868,0.8429483018801383,-12.981541922117765,0.08583688225547992,18300,18330,1
95.31242847333492,1.3624225524735956,-1.4812488286513985,0.0298256684617781,18330,18360,0
95.31242847333495,1.5266741246483018,7.491570377190209,-0.042405577793649056,18360,18390,0
93.35927367055773,1.134216301197056,16.10203635363015,0.26238686894835345,18390,18420,0
95.31242847333493,1.2030783346268517,15.959859756056515,-0.00766418749446874,18420,18450,0
95.31242847333486,1.0716150091512506,10.39782101548735,-0.017435821632043772,18450,18480,0
94.14053559166865,0.672385754731035,3.9164152373157233,0.06226926698872435,18480,18510,0
97.26558327611198,1.2963867919248946,11.488321261240145,-0.04571009214597069,18510,18540,0
95.31242847333493,0.7885690071295133,-0.949874605454668,-0.020947427881247982,18540,18570,0
93.35927367055776,1.1667664516001508,16.926121823744783,-0.1581299811712462,18570,18600,0
95.3124284733349,1.681313902721967,17.568976596989458,-0.26526461454451095,18600,18630,0
94.14053559166861,1.4764337273567183,-0.3330969421867081,0.009743848833467905,18630,18660,0
93.35927367055776,0.8514126788293678,0.06299469148442695,0.042215684895914485,18660,18690,1
92.18738078889146,0.888938399062035,9.020967702830577,-0.07787675032980713,18690,18720,1
94.14053559166858,1.2743801737853682,10.468162392421089,-0.11057412842098793,18720,18750,1
92.18738078889143,1.253047349334626,11.848605498201609,-0.12971753613810214,18750,18780,0
93.35927367055774,1.7629514262004575,4.715869273466409,-0.026708774759400367,18780,18810,1
93.35927367055774,0.5605611405106359,4.588315469262122,-0.05804465008698082,18810,18840,1
95.31242847333488,1.056513346292673,10.469745127171208,-0.12413122896678958,18840,18870,0
92.18738078889142,0.9255253926862114,0.1318324836955449,0.1380946728542187,18870,18900,1
94.14053559166865,1.274077182059927,-4.9910875255417615,0.3193496716090038,18900,18930,1
94.14053559166855,1.3314347445563652,13.065443112065934,-0.2434286641768869,18930,18960,1
93.35927367055768,1.2541007722543125,-0.3591129812918938,-0.0018321455118577878,18960,18990,1
92.1873807888914,1.1764597939357915,11.750034563584855,-0.1657805742589708,18990,19020,0
91.0154879072252,0.8898840295315967,1.0164068731210403,0.22675500348989247,19020,19050,1
97.26558327611198,1.4642971153515878,4.582963893150149,-0.02978249567759987,19050,19080,0
94.14053559166861,1.0695209195675892,-3.226093570777267,0.02518413174403343,19080,19110,1
95.31242847333489,1.0657756736810946,14.230997698751796,-0.2761342808732363,19110,19140,1
96.09369039444574,0.9676468390362863,0.8889843291560965,0.00863345450102427,19140,19170,1
95.31242847333489,1.3508889954818437,-8.018244673673452,-0.18290346964603454,19170,19200,1
97.26558327611204,1.2478526710249722,-14.690675172836482,0.2681103106467752,19200,19230,0
95.31242847333489,1.1799639489227316,23.356655500799448,-0.06589090674367563,19230,19260,0
95.31242847333492,1.2189752255474287,-20.03411955398305,0.08825143647811068,19260,19290,0
94.14053559166858,1.0471745792421188,18.97656990391284,-0.09270108747240358,19290,19320,1
94.14053559166858,1.1646272418082042,17.566863184103678,-0.05340049398655764,19320,19350,0
94.14053559166861,1.3664340305557936,29.560808727353926,-0.11140125836228992,19350,19380,0
95.31242847333492,1.2204170757517825,-21.84275781463569,0.1123784009053684,19380,19410,0
94.14053559166858,0.26476813002323774,-12.15583968409268,-0.028815047784300496,19410,19440,0
97.26558327611203,0.9373120384908095,-20.731722352323644,0.13549064784282713,19440,19470,0
95.31242847333483,1.2371943083232202,-10.8404201510071,-0.0516485111119335,19470,19500,0
94.14053559166864,1.1533891818947744,0.5270360700343764,-0.0717642983464091,19500,19530,0
95.31242847333486,1.1674311321001525,11.142952057388655,-0.10404380421302697,19530,19560,0
94.14053559166855,1.3411887438211503,13.350325049371023,-0.16178801573311466,19560,19590,0
94.14053559166858,1.3335187719687143,-2.1294207404992895,0.03403803669478896,19590,19620,0
94.1405355916686,1.2416574234211075,15.84828199310343,-0.11110224711848278,19620,19650,0
94.14053559166852,1.1855004840913672,10.358416256550987,-0.1669445502101601,19650,19680,0
93.35927367055773,1.156748930209693,-3.7333020247766586,0.04966467187226047,19680,19710,0
94.14053559166861,1.0366297950419983,-0.9568619805893613,-0.014034473542158164,19710,19740,0
94.14053559166861,1.1263941297507813,3.133166006265775,0.07006687937430342,19740,19770,0
94.14053559166858,1.3422958079004566,-1.2970701982462305,-0.009195200983356504,19770,19800,0
94.14053559166861,1.019699189698011,-6.639733070362671,0.033748120458947324,19800,19830,0
94.14053559166861,1.061416888760468,5.089784090908692,-0.10422480455065648,19830,19860,0
94.14053559166862,0.9641179433410629,2.9153037352243145,0.04356828726062409,19860,19890,0
94.14053559166857,1.2319561006862485,16.012746472038902,-0.12974977495158863,19890,19920,0
94.1405355916686,1.137816525520095,2.3048633897678505,-0.08603868352417533,19920,19950,0
94.14053559166858,0.9485151249364819,-2.868911369050263,0.03699348247699486,19950,19980,0
94.14053559166858,1.195603515121742,8.258342912288803,0.017450687197592626,19980,20010,0
95.31242847333483,1.1239816700720902,-2.3027218102095244,-0.06147113448843303,20010,20040,0
94.14053559166858,1.2598551231656967,-0.7845928492639723,-0.03974676851836578,20040,20070,0
95.31242847333483,1.4088874168720082,17.26612304964245,-0.1297527087761805,20070,20100,0
93.35927367055777,1.1765359731192508,4.20172310854556,0.03396381549237983,20100,20130,0
93.35927367055771,1.2141627719903862,3.0276165671526325,0.06338510207117355,20130,20160,0
94.1405355916686,1.2134779329121634,15.205832975217731,-0.11705904098566047,20160,20190,0
94.14053559166867,1.212214228050245,14.827151922792135,-0.13770267999453797,20190,20220,0
94.14053559166862,0.2681378697207867,12.630574555175196,-0.0844767122591637,20220,20250,0
94.1405355916686,0.9145920757067472,-14.649562567134964,0.06870537954729747,20250,20280,0
94.14053559166855,1.4528637338942174,-20.394607838518215,0.028402668429304785,20280,20310,0
94.1405355916686,1.263875070628716,27.590081738866203,-0.138171835361755,20310,20340,0
94.14053559166857,1.2214751616406778,24.179519617446346,-0.12111026704598932,20340,20370,0
94.14053559166858,1.115548040351678,26.13001072622168,-0.09203585104380192,20370,20400,0
94.1405355916686,1.2228075044403994,-18.83595593103541,0.012843641939055165,20400,20430,0
94.14053559166862,1.2623102470918064,25.496693970253645,-0.13004047615365075,20430,20460,0
94.14053559166862,1.2615233499816147,13.844289940153047,-0.10831201173745926,20460,20490,0
94.14053559166861,1.1285832787887315,-18.84733964278587,0.039061253347187755,20490,20520,0
94.14053559166857,1.0960920760887476,-7.579944823384626,-0.02271395857656765,20520,20550,0
94.14053559166861,1.242646604670493,-10.010113991250845,-0.02520927158805515,20550,20580,0
94.14053559166862,1.2290308147550912,-13.341106340443417,-0.012389575831050706,20580,20610,0
94.14053559166858,1.026922209938242,19.983888066033007,-0.10394706279638843,20610,20640,0
94.14053559166855,1.3826770667088448,-11.141742843406966,0.05896316506402806,20640,20670,0
94.14053559166857,1.1434216271287123,16.110655193483407,-0.06428591062372768,20670,20700,1
94.14053559166864,1.1885390922235994,10.997408632761436,-0.08209729869672944,20700,20730,0
94.14053559166857,1.2484103036831642,11.004147517389077,-0.017562207558230333,20730,20760,1
94.14053559166858,1.0644832646490592,-3.497006279844026,-0.02999167831671047,20760,20790,1
93.3592736705577,1.2111984648952825,5.681407266801912,0.0026208970178629846,20790,20820,1
94.14053559166858,1.094520811529338,25.0343205575452,-0.15475615188371164,20820,20850,1
93.35927367055764,1.1725264745365649,9.083195715708888,-0.006388936763524623,20850,20880,1
93.35927367055774,1.18263181383992,-11.66401760612827,0.026853707168317018,20880,20910,1
93.35927367055777,1.243840739382547,-6.395083752815554,0.04238542979062014,20910,20940,0
94.14053559166861,1.1582509479631915,2.2709284299432535,0.028326993044438104,20940,20970,0
94.14053559166858,1.072324518205748,-5.10892998471293,0.06329395803166746,20970,21000,1
94.14053559166857,1.1730427473572818,20.67133844213218,-0.11978641795704376,21000,21030,1
94.14053559166857,1.2108012312569083,7.108900817716054,-0.058703460832116174,21030,21060,0
94.14053559166858,0.9982626334680457,-3.013869611904777,-0.02302354722028016,21060,21090,1
95.31242847333482,1.2167662448008425,-5.8241242346838975,0.011681676917486054,21090,21120,0
94.1405355916686,1.3164755720429182,16.52221908892293,-0.06349943139239077,21120,21150,1
93.35927367055771,1.1163611319419133,-1.715662742645301,0.043390988422530974,21150,21180,1
93.35927367055767,0.9916402770238049,12.292265449215622,-0.05756827367732334,21180,21210,1
93.3592736705577,1.098600684943401,2.0263083930524526,-0.049366351760638465,21210,21240,1
94.1405355916686,1.1423451770966648,14.112282344820665,-0.1098311600876299,21240,21270,0
93.35927367055776,1.1751753250267973,3.968354436785476,0.0055849705097667564,21270,21300,1
94.14053559166857,1.2353537207588596,-8.254305539543415,0.04087901337640891,21300,21330,0
94.14053559166855,1.072630805079657,-5.1122181261480115,0.06108138258382665,21330,21360,0
94.14053559166851,1.1388742938922294,19.446568082385088,-0.1386768333641176,21360,21390,1
95.31242847333483,0.8400311504211851,-2.0928923484399444,0.23310625898270998,21390,21420,1
94.14053559166852,0.758941128811563,13.591750446163942,-0.15051051216751232,21420,21450,0
94.14053559166857,1.6429772962965634,0.9292311467026799,0.11724127946165784,21450,21480,0
94.14053559166855,1.7243350616478854,-1.0193317553832704,-0.039346145269797884,21480,21510,0
93.3592736705577,0.9814134912548437,-5.011407826702553,0.051524366753135264,21510,21540,0
93.35927367055774,0.8951259849940654,9.598942731800706,-0.8972169678473298,21540,21570,0
96.0936903944457,1.3430508653893882,-4.141769897025589,0.23835958540280014,21570,21600,0
95.31242847333488,1.0657439649260492,-7.559949663819997,0.1915820003765636,21600,21630,0
93.35927367055771,0.9102127081370425,22.303542570984764,-0.16123041682372544,21630,21660,0
93.35927367055774,1.1804240014504732,3.8512421139649184,0.0441714849741584,21660,21690,0
93.35927367055771,1.1249182119802141,-10.092850976845053,0.04589371538579068,21690,21720,0
93.35927367055767,1.4325912175393296,-12.069982059192691,0.08908558348071552,21720,21750,0
92.18738078889149,0.7971753524525649,21.583408722929306,-0.20988726743954256,21750,21780,0
93.35927367055771,0.9468469182343525,24.850440687700512,-0.15531199403192034,21780,21810,0
94.14053559166861,1.6041274282144349,10.009281151119593,-0.15223053992748697,21810,21840,0
93.35927367055768,1.3166883053291074,-12.544446319213272,0.11578981246068364,21840,21870,0
93.35927367055774,1.162133883529366,19.41932555597162,-0.15420178132453044,21870,21900,0
93.3592736705577,0.8932715854994691,-21.90073337714326,0.09138175822471144,21900,21930,0
93.35927367055776,0.997608489147982,17.696248657110893,-0.17482438018991747,21930,21960,0
94.1405355916686,1.2765714714299343,7.397611682882242,-0.10665554004923339,21960,21990,0
94.1405355916686,1.321549124001492,18.532928840397183,-0.10691356107506472,21990,22020,0
94.14053559166858,1.3928022221040166,-18.714519031100927,0.057520159269067894,22020,22050,0
93.35927367055773,1.1651883225048487,15.362662975016626,0.01965794295320314,22050,22080,0
93.35927367055774,0.9626188863832693,12.492862522770046,-0.132182955791777,22080,22110,0
93.35927367055771,1.0296898949204296,-2.805074860110852,0.016207091966884562,22110,22140,0
94.14053559166858,1.1940152718511454,-0.5298059178179294,-0.08110418273767848,22140,22170,0
93.35927367055773,1.1569673440947963,21.074349202877507,-0.13673507037276575,22170,22200,0
94.14053559166854,1.0709791784324683,14.758056987462451,-0.1611273079148996,22200,22230,0
93.35927367055768,1.1498153107720477,-9.256973398286892,0.15555474865966376,22230,22260,0
94.14053559166862,1.0320309509166223,18.56066606132907,-0.18059865237522627,22260,22290,0
94.14053559166858,1.44388155843103,16.65065197373801,-0.10362339203697667,22290,22320,0
93.35927367055774,1.2746418957577967,15.727730319831572,-0.21356190821971582,22320,22350,0
93.35927367055774,1.2746578786278948,15.907817730942083,-0.16916961648249212,22350,22380,0
94.14053559166857,0.7951899153458711,24.089162849280058,-0.9488852618254207,22380,22410,0
95.31242847333485,1.6783102287747436,9.75664663118658,1.1232502885887248,22410,22440,0
96.09369039444573,1.1536851925833354,4.177676628717459,0.06197631267137593,22440,22470,0
94.14053559166857,1.1436424948276878,22.424265397619244,-0.10377762892609871,22470,22500,0
94.14053559166858,1.2058432592694681,18.371658108790232,-0.09664569456854029,22500,22530,0
94.14053559166857,1.1489527639434445,18.6753253062646,-0.12593731107335474,22530,22560,0
93.35927367055774,1.1087097148922496,6.222310406904687,0.003419762603890664,22560,22590,0
94.14053559166861,1.111889714673965,13.789389349917943,-0.05634401450110371,22590,22620,0
93.35927367055774,1.0821607180841208,-11.098008596717502,0.0817055179638268,22620,22650,0
94.14053559166861,1.3203512086287252,11.167234796517942,-0.09376069877647131,22650,22680,0
94.14053559166854,1.2244528875627587,19.33866676805494,-0.1152903600863901,22680,22710,0
93.35927367055776,1.0542615945309046,19.54547927218269,-0.09800079181834631,22710,22740,0
94.1405355916686,1.14866838274094,20.698661531968014,-0.1382959397900407,22740,22770,0
94.14053559166854,1.2271290221565465,-1.5188359731880836,-0.010622616996809563,22770,22800,0
94.14053559166861,1.087200373654722,-7.023732768394481,0.0794052471455139,22800,22830,0
93.3592736705577,1.2081451569665862,12.744154999035892,-0.09547235467141651,22830,22860,0
94.14053559166861,1.0248063267379859,14.364371656944835,-0.08440890775560472,22860,22890,0
94.1405355916686,1.3099907899237493,13.067343171868371,-0.08753099064744779,22890,22920,0
94.1405355916686,1.1094943491132065,24.005472012968255,-0.14420858177909274,22920,22950,0
94.14053559166857,1.0696534902046875,-13.006848381729899,0.02863909768623627,22950,22980,0
95.31242847333489,2.805818534690174,21.914412615916135,-0.07833554401263942,22980,23010,0
96.0936903944457,1.3390090642588637,14.035372367218606,-0.07175542319773796,23010,23040,0
95.31242847333486,1.5259666938607506,9.44540233361245,-0.017179515215171203,23040,23070,0
94.14053559166862,1.9717575273750076,21.609184959823935,-0.1356345294872226,23070,23100,0
94.14053559166862,0.961032297429185,-2.4331410461481573,1.1150413705178683,23100,23130,0
96.09369039444567,1.1876637648531825,12.955923288577669,-0.018618844089059745,23130,23160,0
95.31242847333485,1.1518468680042548,4.011623604123705,0.006019006952965143,23160,23190,0
94.14053559166861,1.1218480415139744,11.104787649542315,-0.03751578666385756,23190,23220,0
94.1405355916686,1.2624627566479607,9.47960390997812,-0.06144110830954395,23220,23250,0
94.14053559166857,1.0786633513637576,12.986112531353209,-0.12087041897374784,23250,23280,0
96.0936903944457,0.9189896506300936,2.627570964662009,0.012509362775378317,23280,23310,0
94.1405355916686,0.9203284074039879,11.172757891784238,-0.039382138713347434,23310,23340,0
94.1405355916686,1.0022431301097645,10.47495412875363,-0.0010918872872152194,23340,23370,0
94.14053559166857,0.8076663677489501,-7.261699892073515,-0.01412658908248701,23370,23400,0
94.14053559166858,1.4669398319876676,23.74046159470061,-0.06829437122125136,23400,23430,0
93.3592736705577,1.064465400955251,8.911488052802145,-0.024750387622216662,23430,23460,0
93.3592736705577,1.2197513967664426,-12.105368094712707,-0.017149024814752552,23460,23490,0
95.31242847333488,0.9537896388939144,-1.5375879799900032,-0.05481246535007448,23490,23520,0
93.3592736705577,1.2744629021325746,13.774882637948881,-0.08585622820119937,23520,23550,0
94.14053559166857,1.3282497939586437,12.37588227181232,-0.07055979254195087,23550,23580,0
93.35927367055773,1.2108433830941596,16.902002695187377,-0.05485846519195384,23580,23610,0
94.14053559166858,1.3267605133528872,18.321298112432682,-0.06609139451748607,23610,23640,0
93.35927367055768,1.0989381502043654,-1.5905862962226551,0.030379859177101284,23640,23670,0
94.14053559166855,1.1532453196527046,1.387239038255269,0.050453109162283565,23670,23700,0
93.35927367055773,1.2055636124093836,-1.558097139186042,-0.015511284471375095,23700,23730,0
93.35927367055774,1.2700214071794629,2.7064780240228394,-0.020107203824384228,23730,23760,0
93.3592736705577,1.4902825470267838,3.5987334892789975,-0.034323220646083945,23760,23790,0
94.14053559166858,1.2960583350961876,-5.975647984883655,0.022563076440782204,23790,23820,0
93.35927367055767,1.214522928194501,-10.086755635805613,0.023651202600832425,23820,23850,0
93.35927367055767,1.1327607908017865,13.627744655571309,-0.06183444511644701,23850,23880,0
94.14053559166854,1.1744670043092904,22.905200454485584,0.9030416179691749,23880,23910,0
94.14053559166861,1.6191495168544714,9.470760849906151,-0.05616087533981288,23910,23940,0
93.3592736705577,0.8249199380695993,17.25699246897961,-0.08304814353733517,23940,23970,0
93.35927367055774,0.9943500372111174,8.499059398572538,-0.04059831439373358,23970,24000,0
93.35927367055771,1.289537777727404,6.701389981494472,-0.02374070238878148,24000,24030,0
93.35927367055773,1.1899729551658098,12.334183508356245,-0.03099395643009515,24030,24060,0
93.35927367055774,1.6855529568365104,8.438755650593187,-0.03777830376458424,24060,24090,0
93.3592736705577,1.171469595899886,0.8050023902488141,-0.022161041753960838,24090,24120,0
94.14053559166857,1.1261565147743056,10.094251817034463,-0.03311009329138695,24120,24150,0
93.35927367055776,0.9728179122647461,0.11980782949553757,0.04419863184496311,24150,24180,0
93.35927367055771,0.9364310156695109,13.739303864346589,-0.10564711370242352,24180,24210,0
94.14053559166857,1.25002446728485,0.37084748663021816,-0.002492347080320225,24210,24240,0
91.01548790722515,1.1991177829628095,10.931076117021542,0.7277773373239746,24240,24270,0
97.265583276112,1.1490682952560152,0.5389934451369058,0.18290472740530825,24270,24300,0
94.1405355916686,1.3821400254669196,11.5819986339439,-0.3173147273549526,24300,24330,0
93.35927367055768,1.0374842208012964,18.122579335696496,-0.2531116085897019,24330,24360,0
94.14053559166857,1.0440654670485574,5.72694221849277,-0.16374174360419955,24360,24390,0
94.14053559166864,1.2198499644780965,5.460020368484406,0.016702466691004166,24390,24420,0
94.14053559166857,0.9579439589431431,2.2547115666995183,-0.02982309223794773,24420,24450,1
95.31242847333488,1.0272782012080948,-1.9867955111263251,0.0963379085649447,24450,24480,0
94.14053559166857,1.1546385444478362,5.108461593237785,0.13260803745302413,24480,24510,0
94.14053559166857,1.2224838243344374,12.410909816950658,-0.06908201522238246,24510,24540,0
94.14053559166857,1.1519118234314347,-9.807112033281099,0.13439562822155304,24540,24570,0
94.14053559166857,1.2846751916823111,0.10394717144553973,0.12030975048665692,24570,24600,0
94.14053559166861,1.0538425964845701,14.813720564996027,-0.13193288772448505,24600,24630,0
94.14053559166861,1.123372917543676,23.059821008790053,-0.15794670614236306,24630,24660,0
94.14053559166857,1.2614216551730102,16.223880682310117,-0.25627321119455815,24660,24690,0
94.14053559166858,1.2008950446511535,19.775423753064626,-0.14110540098033614,24690,24720,0
96.0936903944457,1.135685412791795,-2.9699000078971842,0.3849446999787949,24720,24750,0
93.3592736705577,1.1120772299534023,13.99212334263674,-0.18569248383670162,24750,24780,1
95.31242847333489,1.201112051980089,15.67833603676231,-0.15296687820715346,24780,24810,0
93.35927367055773,1.313653211017834,-12.516299740973434,0.6864709735443004,24810,24840,1
96.09369039444564,1.285466964606811,-12.919716682366426,0.04251674824782534,24840,24870,0
93.35927367055771,1.2285123787910888,-6.898508737884426,0.08310361736585326,24870,24900,0
93.35927367055771,1.233397351434145,9.295568233519232,-0.010148707106230734,24900,24930,0
93.35927367055768,1.1549649841649432,-8.234221829100203,-0.06846168771407765,24930,24960,0
93.35927367055768,1.2436575337751028,15.805485910197687,-0.08535480847317024,24960,24990,0
92.18738078889145,1.248056339521097,3.86081389871856,-0.1785533415495805,24990,25020,0
93.35927367055777,1.1261452589933523,-2.786474712308278,-0.07043356824461634,25020,25050,0
93.35927367055768,1.0016816205976808,-4.711474580249406,-0.012915128961332692,25050,25080,1
93.35927367055771,1.0783614064368972,-4.942648873946748,-0.03140538448539509,25080,25110,1
92.18738078889146,1.0629600156707544,-7.566597775514946,0.05045191810239783,25110,25140,0
93.35927367055773,1.0845837765140944,-4.255329587239552,-0.006013381945477236,25140,25170,0
93.3592736705577,0.9987367351963398,-1.9847722987798253,0.014099376118108173,25170,25200,0
92.18738078889147,1.16479670292716,-6.724048409269902,0.004733755514127142,25200,25230,1
96.09369039444572,1.110193749055905,14.506962521573065,0.028316609003880413,25230,25260,0
94.14053559166858,1.3155218907732058,6.710973047897738,-0.04392291504642987,25260,25290,0
94.14053559166862,0.9852807912153054,-1.067416246913532,-0.04512899138828176,25290,25320,0
93.35927367055771,1.0809371420440366,2.1828168688159564,-0.11233440421091044,25320,25350,0
94.14053559166857,1.3054419312393075,7.9566477865845275,-0.009895895997835814,25350,25380,0
93.35927367055774,1.0454728439647964,9.910580217695829,0.05322225474496997,25380,25410,0
93.35927367055774,1.2253764845910822,9.462490001623754,-0.020972988195529462,25410,25440,1
94.14053559166857,1.3254964544990064,10.266439850755098,0.012646614157881222,25440,25470,0
93.35927367055777,1.1170155631094967,1.177319186443307,-0.028276799490076155,25470,25500,0
93.35927367055773,1.165120498935044,7.17060647908786,0.008590795561769882,25500,25530,0
94.14053559166862,1.2172703080260323,13.294443029661473,-0.023918422013628794,25530,25560,0
93.35927367055773,1.0824253730604836,6.110877735555277,-0.02579116735370935,25560,25590,0
92.18738078889145,1.1944526686648607,10.074581602393524,-0.02793082832809068,25590,25620,0
92.18738078889145,1.2017493219000248,-4.3861093369534885,-0.028932837651766942,25620,25650,0
94.1405355916686,0.9762283218040131,-5.150505754572804,-0.05321836893789897,25650,25680,0
93.35927367055773,1.169280424362338,12.10456034171793,0.01463904782514944,25680,25710,0
92.1873807888914,1.170431223497923,-0.22550893493751492,0.004762581858806145,25710,25740,0
92.18738078889145,0.6162727482235261,-6.835720500020871,-0.031309038217507856,25740,25770,0
95.31242847333489,1.3911516810671096,20.511024464032662,-0.07764069152225256,25770,25800,0
93.3592736705577,1.1970559433375474,-9.440246319355197,-0.030019322801448894,25800,25830,0
93.35927367055771,1.1929319068465347,6.787599940312605,-0.023654193453771292,25830,25860,0
94.14053559166858,1.1500146108094518,11.75699269119007,-0.04065597153138595,25860,25890,0
93.35927367055774,1.206602482935132,-7.099643554652914,-0.05105693026490025,25890,25920,0
92.18738078889142,1.1567177645528302,-10.21778543765192,-0.023498458026466697,25920,25950,0
93.35927367055768,1.0831527272043608,5.622781016828814,-0.04486068772200144,25950,25980,0
93.35927367055773,1.155027477523118,7.262443325945914,-0.06999509893927959,25980,26010,0
93.35927367055778,1.1539962003140374,11.853172432526481,-0.04293227348562317,26010,26040,0
93.35927367055768,1.117530727000702,9.76357211564721,-0.025024011663875353,26040,26070,0
92.18738078889146,0.16487943316416945,-9.314320089651764,0.10338627320903558,26070,26100,0
94.1405355916686,1.3392010136742905,7.749452683775624,0.07891468293696946,26100,26130,0
94.14053559166864,0.9947617298883467,12.229898228369661,-0.12881418117784701,26130,26160,0
93.35927367055773,1.3541436346863043,0.19314948400953905,0.011923205038225125,26160,26190,1
93.35927367055767,1.0393383310353475,8.831551135049834,-0.08047739396345777,26190,26220,0
94.14053559166862,1.1447393029772746,3.9963417223503903,-0.06546764118416774,26220,26250,1
92.18738078889146,1.0385701028457726,3.7567591574208556,0.0024550655982247954,26250,26280,1
94.14053559166857,1.1962933518750423,9.653485640076482,-0.07866324627505775,26280,26310,1
94.14053559166858,1.221969455681235,9.23840941716968,0.014885949418561976,26310,26340,0
92.18738078889147,1.1768493969335168,7.553634007703716,-0.06056241818716016,26340,26370,1
93.35927367055776,0.9520897051651177,4.083814155869958,-0.08971263631606308,26370,26400,1
94.14053559166861,1.1005038999768801,-1.4401542918939745,-0.0018995960457607157,26400,26430,0
93.3592736705577,1.1401828606718918,0.07534750092339182,-0.056129776251117036,26430,26460,0
93.35927367055771,1.0322229515364545,-1.8432527568452686,0.3979215867297938,26460,26490,0
95.31242847333489,0.8000278810840429,14.839960247910406,-0.16517444486781438,26490,26520,0
94.14053559166862,1.0805201291129867,-7.124648879306709,-0.11407403623945432,26520,26550,0
93.35927367055773,1.0871988874307355,14.094762014207426,-0.046437583072143206,26550,26580,1
95.31242847333492,1.2305264579038095,11.306369932563872,-0.0072090622300699765,26580,26610,0
94.14053559166868,0.9929288984813945,-6.38579677375765,-0.06331369192534364,26610,26640,0
94.1405355916686,1.1948734961470626,11.820353604864344,-0.08680640978796039,26640,26670,0
95.31242847333486,1.115056480873989,-5.606423070603774,-0.08641724167872203,26670,26700,0
94.14053559166857,1.2664046845735306,-0.7646824200925469,0.024719533062908586,26700,26730,0
94.14053559166858,1.2307419210499777,13.146127644278167,-0.08325243872931351,26730,26760,0
94.14053559166862,1.136841903261675,-1.867682035803699,-0.019386025602973412,26760,26790,0
94.14053559166861,1.2427050683769785,10.060958520710642,-0.09905396418455924,26790,26820,0
94.14053559166862,1.1253890551186525,-2.6038515993822684,0.166008231253437,26820,26850,0
94.14053559166862,1.1962781872147774,8.866392047244323,-1.174352693428516,26850,26880,0
95.3124284733349,1.534524665160475,5.6909113593946685,-0.27296250561388125,26880,26910,0
93.35927367055781,1.439029848420885,-11.783006035224004,0.2330380057862693,26910,26940,0
94.14053559166864,0.3608780464113092,40.66072236245083,0.033684714120057406,26940,26970,0
94.14053559166865,1.226674642426671,1.52528282924206,0.8182913050378867,26970,27000,0
93.35927367055771,1.0860988601421089,29.050590815217472,-0.061435080694327675,27000,27030,0
94.14053559166864,1.0309675400338456,-20.892656220739426,0.03325307784422336,27030,27060,0
94.14053559166862,1.072435934286774,9.360890438805649,-0.021316165322470673,27060,27090,0
94.14053559166864,1.0581576984016925,-13.588489155614884,0.09588611754628323,27090,27120,0
95.3124284733348,1.1213866974513238,29.742034577376543,-0.09643885331834523,27120,27150,0
95.31242847333488,1.2244249770204603,26.541933718418694,-0.1168654479144238,27150,27180,0
95.31242847333489,1.043158810858032,-23.20411264646896,0.06944767402926694,27180,27210,0
95.31242847333488,1.1266025884974589,19.503577429725105,-0.12704282561723554,27210,27240,0
95.31242847333485,1.3386321237109369,13.420729328323489,-0.12949519468936102,27240,27270,0
96.0936903944458,1.1499554975379942,30.450588680591622,-0.09274691291178776,27270,27300,0
97.265583276112,0.5192514090433602,27.272483439541503,0.9863377108379799,27300,27330,0
96.09369039444573,1.2076891546318007,10.00420692667039,0.05653512674094068,27330,27360,0
96.0936903944457,1.0948090720497545,0.9188238937637175,0.3930924976669867,27360,27390,0
95.31242847333486,1.0564863469457868,36.424731363558436,-0.2738534026690484,27390,27420,0
96.09369039444574,1.2779183407126924,-6.091720115940113,-0.2428555194694794,27420,27450,0
96.09369039444574,1.2838659769011638,18.038465103893298,-0.05847178150011502,27450,27480,0
96.09369039444569,1.3173921350560167,-2.795826304931913,0.21734315848705293,27480,27510,0
95.31242847333485,1.1668618577669627,12.501556280126934,-0.18278077240800267,27510,27540,0
96.09369039444572,1.0805629898209443,22.011773760856826,-0.740686893915042,27540,27570,0
96.09369039444576,1.2626144008058608,-7.606476133768361,0.31139195275277953,27570,27600,0
96.09369039444572,1.2354726962575735,23.633883224594324,-0.10439447017288495,27600,27630,0
95.31242847333486,0.8100530223479272,17.071687604109645,-0.420578052196013,27630,27660,0
93.35927367055777,0.5439775341412546,17.91507727077894,-0.2801098958306489,27660,27690,0
68.35889219501033,-0.09334452938625398,14.417658739113413,-0.14097403733063313,27690,27720,0
77.34340428778519,-2.2521208195955964,11.251967174193574,0.9306336856630921,27720,27750,0
0.0015259021897296228,2.947523059371093,0.3100889329333395,-0.8167168714793314,27750,27780,0
0.0015259021897296228,4.592509968243494,9.181315460963502,-0.2751405831794901,27780,27810,0
0.0015259021896651863,-4.115383719756767,-1.149897034216394,-0.15210862438898384,27810,27840,0
0.0015259021896580267,-5.634646770986161,11.379290422503713,-0.3071390095416808,27840,27870,0
0.0015259021896795056,-1.0146541545739027,10.100282730217474,-0.1404863866584983,27870,27900,0
0.0015259021897367825,0.6006190938467341,5.0300104082453245,0.08167445732978285,27900,27930,0
86.32791638056005,-4.551482357779667,10.245545852298768,-0.010457533217198622,27930,27960,0
76.17151140611884,-1.4642331618899942,17.306688374023263,0.38819866985335194,27960,27990,0
0.0015259021897153036,-8.891711072371555,6.601863012298472,-0.324838182869898,27990,28020,0
0.0015259021897296228,-1.9887236262385621,8.5609822283847,-0.04594039314972206,28020,28050,0
0.0015259021897153036,-2.481968106183253,9.51835519031164,-0.7047182009370445,28050,28080,0
0.0015259021896580267,0.723839146107351,9.719848467361714,0.3195791477800914,28080,28110,0
0.0015259021896938249,10.672909637322501,6.001711939316052,-0.005162943763909019,28110,28140,0
0.0015259021897582614,12.837928247568389,9.246974175095131,-0.03380567563160586,28140,28170,0
0.0015259021896795056,13.272669981358186,5.858609297615287,-0.03887704769876708,28170,28200,0
0.0015259021896795056,11.461114269969503,4.823892047999538,-0.039106400644886886,28200,28230,0
0.0015259021896938249,11.775421188914866,8.382713195213642,-0.03821018061062176,28230,28260,0
0.0015259021896866652,10.724376520170697,3.5703492153369467,-0.035581042768796575,28260,28290,0
0.0015259021896795056,11.485998667259983,8.553768114955544,-0.037944543314223006,28290,28320,0
0.0015259021896293881,13.052178183208072,8.505267723813771,-0.03564456813110907,28320,28350,0
0.0015259021897153036,13.006462830392184,3.0736053802674124,-0.031562903670767105,28350,28380,0
0.001525902189708144,10.673030059677062,8.664636395203072,-0.03635894889228792,28380,28410,0
0.0015259021896795056,12.205542150807005,6.81548341023678,-0.04117418652492133,28410,28440,0
0.0015259021896222287,12.91484325478619,7.373319518921339,-0.03336332846936776,28440,28470,0
0.0015259021896795056,11.695331393625306,4.472978652668852,-0.03495396123068699,28470,28500,0
0.0015259021897224632,12.260339180595789,9.87812207478243,-0.032460242380858616,28500,28530,0
0.001525902189708144,10.451884914993476,2.8452566297513306,-0.03620858139674437,28530,28560,0
0.001525902189672346,13.386287525891978,8.586162956662434,-0.037662361346756705,28560,28590,0
0.001525902189708144,12.5981638370103,7.157042495577625,-0.03917843155790175,28590,28620,0
0.0015259021897511018,11.058320925843288,2.910563158258086,-0.03747286891533962,28620,28650,0
56.24933241779206,-3.001952620134026,10.54155779957344,0.0029220667382216987,28650,28680,0
0.0015259021896437074,7.908873321574991,5.549865492479753,-0.030719506451868037,28680,28710,0
0.0015259021896938249,8.545193374643832,6.630316650435043,-0.03654812689050185,28710,28740,0
0.001525902189708144,9.079579098631049,6.934180489988008,-0.0361378981397538,28740,28770,0
0.001525902189704732,7.684045926184111,6.616306904666624,-0.03117320297901648,28770,28800,0
0.0015259021896580267,7.897420951140996,7.551476345744675,-0.033316378969383886,28800,28830,0
0.001525902189708144,9.584757752788738,6.727028641862919,-0.028800021057158648,28830,28860,0
0.0015259021897153036,8.398207624882817,6.2652188163947,-0.031774904270081235,28860,28890,0
0.0015259021897224632,7.940828910040498,5.610520236968808,-0.03993855582502897,28890,28920,0
0.0015259021896580267,7.789582379622501,5.5210917037609,-0.03596872111434802,28920,28950,0
0.0015259021897224632,6.833997653804727,5.333769067823217,-0.029983297766076507,28950,28980,0
0.0015259021897582614,8.173916046264893,6.682801615772539,-0.04020762807191016,28980,29010,0
0.0015259021896938249,8.688773565067981,6.9441165163800065,-0.03098209305812273,29010,29040,0
0.001525902189672346,8.767510033858184,6.335916875260597,-0.03636666504315202,29040,29070,0
0.001525902189708144,6.920326210784531,5.661437281357529,-0.03395753049766395,29070,29100,0
0.0015259021897511018,7.939476059481134,4.870273143400611,-0.03361669813945324,29100,29130,0
0.0015259021897009843,8.675727011107682,6.404996055015021,-0.029663294043939276,29130,29160,0
0.0015259021896365478,7.169383971019677,7.367568688712396,-0.04175709325274304,29160,29190,0
0.0015259021896938249,8.007018018482276,7.353898825395901,-0.03286649196158275,29190,29220,0
0.0015259021897367825,8.3851456123954,7.345782030876752,-0.032402877988683326,29220,29250,0
0.001525902189672346,8.576336882807183,5.2031032775301425,-0.036278916899003144,29250,29280,0
0.001525902189650867,8.077484664009342,4.847162974265506,-0.03434948739210009,29280,29310,0
0.001525902189708144,7.312712661900881,5.656845556556609,-0.03215964316411873,29310,29340,0
0.0015259021897511018,6.567174054238698,7.9351712862610455,-0.03392169573911786,29340,29370,0
0.0015259021896938249,8.884428251309917,7.19350697373117,-0.03408573873125766,29370,29400,0
0.0015259021896437074,8.844822297628944,7.349507344176939,-0.029295773096229268,29400,29430,0
0.001525902189708144,7.8647397669462,5.781147928500452,-0.03373546217045419,29430,29460,0
0.0015259021897367825,8.678854444012906,6.331664313388801,-0.032600170110019054,29460,29490,0
0.0015259021896866652,8.825070382152798,6.954001226758307,-0.036109986894600765,29490,29520,0
0.001525902189650867,7.882143707878652,5.229183286390065,-0.03912178582712324,29520,29550,0
0.001525902189708144,8.587130392203523,4.983734529517674,-0.03694178686634209,29550,29580,0
0.0015259021897654208,7.705852911302268,6.626288126767697,-0.03560905537041494,29580,29610,0
0.0015259021897009843,7.1958801826772945,8.029873123035872,-0.0365620284070664,29610,29640,0
0.0015259021896651863,8.113230013584644,6.233638794336183,-0.037254070238085975,29640,29670,0
0.0015259021896866652,7.666235010354616,4.306529018198368,-0.033484602763274716,29670,29700,0
0.0015259021897439421,6.596979879075613,7.22938689644651,-0.03413350693952196,29700,29730,0
0.0015259021896580267,8.57680029399388,6.979950322868922,-0.0314851818338224,29730,29760,0
0.0015259021896437074,6.570853456256851,7.031496812293276,-0.03598103729921491,29760,29790,0
0.0015259021896866652,7.37850257200895,5.8374348106676335,-0.03230688438313999,29790,29820,0
0.001525902189708144,6.696788138452322,6.833113186015421,-0.03054852508881127,29820,29850,0
0.0015259021896795056,7.145616755963126,6.5346266745128565,-0.03484099282931979,29850,29880,0
0.0015259021896580267,7.678068795106418,6.935972381023335,-0.0389435357757722,29880,29910,0
0.0015259021896938249,9.477514829834771,5.030624981323258,-0.03474578971813939,29910,29940,0
0.0015259021897439421,7.305298613278934,7.562037103794449,-0.03619902515943767,29940,29970,0
0.0015259021897009843,7.673742717474319,6.572291535479619,-0.034705497210139796,29970,30000,0
0.001525902189650867,8.60125841785048,6.522599543239583,-0.033861736990779386,30000,30030,0
0.0015259021897153036,8.416545749869062,6.083626411610967,-0.037928421429545396,30030,30060,0
0.0015259021897439421,9.676393886295852,5.938081112008478,-0.034528392858759444,30060,30090,0
0.001525902189708144,8.297126651988009,6.422628439702783,-0.03578451383264825,30090,30120,0
0.0015259021896365478,7.800495208525621,6.446232330581227,-0.036133609338677666,30120,30150,0
0.0015259021897009843,6.883009286491914,6.7351717888030835,-0.03994101643579827,30150,30180,0
0.0015259021897367825,6.718335603206023,4.95706381079458,-0.04132356444299576,30180,30210,0
0.0015259021896938249,8.017263519352642,5.320562788752752,-0.029775643875121327,30210,30240,0
0.0015259021896866652,8.003547887949821,8.05194920232691,-0.0413563962242443,30240,30270,0
0.001525902189708144,6.977744720369815,5.565118310824173,-0.030103357951936655,30270,30300,0
0.0015259021897296228,7.980099390151379,4.760397640683209,-0.038037623226895176,30300,30330,0
0.0015259021897296228,8.16175396424351,7.081205329941027,-0.036934076513696845,30330,30360,0
0.0015259021896365478,7.91267483886088,5.749805018832926,-0.03572272053269693,30360,30390,0
0.0015259021897367825,8.250629598143297,5.155631189818472,-0.031055933724097862,30390,30420,0
0.0015259021897367825,7.886701578473887,6.0043548392998485,-0.03408367371357827,30420,30450,0
0.001525902189708144,8.429724581292657,5.397972503049456,-0.0483931950246089,30450,30480,0
0.0015259021896437074,7.329593391001083,5.326015680839231,-0.027533479252889338,30480,30510,0
0.0015259021897009843,7.189213655970975,4.652073264883292,-0.053582146710206405,30510,30540,0
0.0015259021897511018,8.130150721163798,5.589326498550889,-0.03810037140855018,30540,30570,0
0.0015259021897009843,7.277936395176495,5.561810037616589,-0.03587428056080263,30570,30600,0
0.0015259021896938249,7.784492453279309,5.785242998822833,-0.032678207672855404,30600,30630,0
0.0015259021897224632,9.994690818900489,4.528504484553405,-0.03281781968015115,30630,30660,0
0.0015259021897511018,8.550158650670133,6.172145000663874,-0.034143365383162254,30660,30690,0
0.0015259021897296228,7.259596703296977,6.924724100656221,-0.039176785981434065,30690,30720,0
0.0015259021896651863,7.726307722471637,4.6393747252890085,-0.031000487458643863,30720,30750,0
0.0015259021897439421,6.839221499873286,7.697706063882982,-0.03675476600969828,30750,30780,0
0.0015259021897224632,6.376489150128721,6.358727508547574,-0.029242794806653396,30780,30810,0
0.0015259021896938249,8.064386096662606,5.967101469294459,-0.033555327582676146,30810,30840,0
0.001525902189672346,8.067136390117282,5.1512619238320605,-0.03759278838099222,30840,30870,0
0.0015259021896866652,7.333895608687716,7.467005782230022,-0.036412640678821356,30870,30900,0
0.0015259021897582614,7.862938910663645,6.199006795349463,-0.04302609424450364,30900,30930,0
0.001525902189650867,8.10963254006696,5.47123561972893,-0.041608137749559126,30930,30960,0
0.001525902189615069,5.9490569546561085,7.777747343907139,-0.035213848456098755,30960,30990,0
0.001525902189708144,7.392462537573025,6.758072161035225,-0.03682087908323599,30990,31020,0
0.0015259021897009843,7.920890807914239,6.715743372769146,-0.03684317167717717,31020,31050,0
0.0015259021896795056,8.547425540798882,7.125500697547775,-0.0338581670536023,31050,31080,0
0.0015259021896437074,8.828437851220404,6.419351451838908,-0.03570132399338599,31080,31110,0
0.001525902189672346,8.683866575413465,3.331247611891715,-0.033997511866851876,31110,31140,0
0.0015259021896938249,9.424561479466348,6.469714738061582,-0.030787850789713734,31140,31170,0
0.0015259021896365478,8.282199523723415,6.273277077116677,-0.04183377531595576,31170,31200,0
0.0015259021896795056,8.115868510732765,6.335607492931362,-0.03140289988666679,31200,31230,0
0.0015259021897153036,7.5082057132751405,5.944056434641821,-0.0374593752749374,31230,31260,0
0.0015259021897296228,6.266286335933955,4.854282924047815,-0.03425292660193902,31260,31290,0
0.0015259021897009843,3.18301081459234,5.919840765957404,-0.03684998848424578,31290,31320,0
0.0015259021896580267,-1.374698044810809,6.032267082772648,-0.03476262904656059,31320,31350,0
0.0015259021896938249,-2.30165436510379,6.279907531582795,-0.03171418785907426,31350,31380,0
0.0015259021897009843,-2.996806188817817,6.813539402672896,-0.03498621581192083,31380,31410,0
0.0015259021896437074,-2.429468121218458,7.02808207965094,-0.041698138353002984,31410,31440,0
0.0015259021896365478,-1.9974458811974365,6.85480393232638,-0.034273959499413725,31440,31470,0
0.0015259021896938249,-3.1865690926854375,5.3598129794133875,-0.031113289021047708,31470,31500,0
0.0015259021896866652,-2.7558598667604253,6.284942058421965,-0.03618920041298475,31500,31530,0
0.0015259021896580267,-2.6872589564582383,5.8157153681929925,-0.03885158416979666,31530,31560,0
0.0015259021896580267,-2.881286442178949,5.458845359131969,-0.03345602060912524,31560,31590,0
0.0015259021896795056,-2.9678456418812145,5.655414506789403,-0.04261428902780242,31590,31620,0
0.0015259021897725805,-2.985189292999812,6.542653302337645,-0.03310563864474025,31620,31650,0
0.0015259021896938249,-3.04019785084687,6.732726957596762,-0.03370255344139695,31650,31680,0
0.0015259021896437074,-2.096189108117809,6.793791044427204,-0.0314910006225879,31680,31710,0
0.0015259021896938249,-2.4643988690241896,5.30735769404913,-0.03770729290716575,31710,31740,0
0.001525902189708144,-2.4290977028373204,6.490489001835688,-0.03155920137415921,31740,31770,0
0.0015259021896651863,-2.9565152962384973,5.573771796849805,-0.037958199646434425,31770,31800,0
0.0015259021896222287,-3.176667804731882,6.917112054807148,-0.0355786040936185,31800,31830,0
0.0015259021896938249,-3.122355962047301,6.0204388807556715,-0.029311719829950313,31830,31860,0
0.0015259021897367825,-1.9091693290883927,6.569130594000194,-0.03912244295995814,31860,31890,0
0.0015259021896938249,-2.0246381973646734,7.006045449160658,-0.03208178842918306,31890,31920,0
0.001525902189650867,-2.4460662915741667,7.39951657668688,-0.0348147458359935,31920,31950,0
0.001525902189672346,-2.5502333191782944,5.391341617138249,-0.038021627269309674,31950,31980,0
0.001525902189708144,-2.55563619641503,6.928155474380325,-0.028727382460950808,31980,32010,0
0.001525902189672346,-2.201254366776137,6.776444221450436,-0.03296531245250729,32010,32040,0
0.001525902189650867,-2.1348415324351864,7.23562517237354,-0.035350702808006666,32040,32070,0
0.0015259021896866652,-3.3950316228239403,7.15289196864288,-0.03484000784749908,32070,32100,0
0.0015259021897153036,-2.0156584237014297,6.49551113282114,-0.03585515589824206,32100,32130,0
0.0015259021896651863,-2.426012379246817,6.013394519487253,-0.03256101431837617,32130,32160,0
0.0015259021896795056,-2.7141924221077938,5.633107566845772,-0.030947682536792948,32160,32190,0
0.0015259021897153036,-1.9762078863779726,6.757197129055121,-0.033900079559315656,32190,32220,0
0.0015259021897296228,-3.3431425581201126,6.864087016291042,-0.04395072813821548,32220,32250,0
0.0015259021896293881,-2.7069794433809404,6.110826268447702,-0.02810986034359286,32250,32280,0
0.0015259021896222287,-2.4942792947501475,5.202547348297948,-0.0383377742427019,32280,32310,0
0.001525902189672346,-1.5131686537487008,6.86080302367825,-0.040228921652333834,32310,32340,0
0.001525902189708144,-2.8012563397357444,6.043960607482736,-0.03889895771152141,32340,32370,0
0.0015259021896795056,-2.132520105912153,5.881068545137543,-0.03677629697688025,32370,32400,0
0.001525902189672346,-2.932556573891915,6.4956444723071955,-0.03924548508230395,32400,32430,0
0.0015259021896651863,-1.9465012126101726,5.870175431397347,-0.04719896817388672,32430,32460,0
0.0015259021897153036,-1.7413398735405656,6.091833652138161,-0.0537859464275478,32460,32490,0
0.0015259021896795056,-2.459913863410962,7.183875588894883,-0.1271085016287133,32490,32520,0
