SaO2_t0,EMG_t1,NEW AIR_t2,ABDO RES_t3,Start Time,End Time,Label
95.31242847333478,-0.16153248018277888,4.763538685844365,0.14664274285108886,0,30,0
95.3124284733348,0.7025045998036159,3.2445504783294923,0.3718184110128302,30,60,0
96.09369039444557,0.966844420517099,6.6647897027646525,0.1965539191617508,60,90,0
94.14053559166851,0.24194412979860197,2.9422579287636426,0.07081695931812759,90,120,0
95.31242847333493,1.3960383872694397,4.5906952050710315,-0.16839873095324379,120,150,0
95.31242847333485,1.2385318858487977,-0.017935058539996048,0.5608004030945172,150,180,0
97.26558327611204,0.4321274086207087,6.8851587735317725,0.21174103970716507,180,210,0
95.31242847333486,1.1577804084191032,0.6885817970793434,0.2569835327279095,210,240,0
95.3124284733349,1.3798153492717278,6.066032410022041,-0.628729139614286,240,270,0
95.3124284733349,1.302262889470353,5.579962738392576,-0.32381079449036676,270,300,0
94.14053559166861,1.215697300736753,7.705596256494769,-0.17560249917109477,300,330,0
96.09369039444572,1.2781473361758113,3.988180910242016,-0.12194156454821165,330,360,0
95.3124284733349,1.17025868868902,3.2510491953111136,0.3723065494682294,360,390,0
94.14053559166858,1.1078242092050483,2.917466024748923,0.056255405433078234,390,420,0
96.09369039444574,1.3862074767418586,5.756610994205177,-0.2240517080382062,420,450,0
95.31242847333488,1.1125068580205735,4.418196429713304,-0.12752316361873584,450,480,0
95.3124284733349,1.5540262251121928,3.5754745007627586,0.12413425601418906,480,510,0
94.14053559166857,1.5080295198756568,3.0178107357730095,0.1509375996350945,510,540,0
95.3124284733349,0.9008843277926586,2.0279119903948915,0.1688841842427582,540,570,0
94.14053559166858,0.9475109307977244,2.354610922461957,0.27295574156959046,570,600,0
95.3124284733349,0.24280726584404577,6.003611751901026,-0.2092843154750572,600,630,0
96.09369039444572,1.1553352157836547,2.3835527561971976,0.7045908542246847,630,660,0
94.14053559166864,1.309104074620365,1.644212900137667,0.2180043545502166,660,690,0
95.31242847333486,0.9659851466635245,4.295778209027165,0.1339894630358911,690,720,0
95.31242847333488,1.4614111235738936,6.523162788403809,-0.13446453086201438,720,750,0
95.31242847333485,1.5658366940434822,5.3988457235947935,-0.1584323639628312,750,780,0
94.1405355916686,0.3769634224176921,2.3172427582934407,0.10748122862482581,780,810,0
95.31242847333485,0.8897373078545482,6.704902692026522,-0.2124789989868838,810,840,0
94.14053559166861,1.4287283055457969,5.551320221659294,-0.15528786286922736,840,870,0
94.14053559166858,1.2759618532953347,7.958760425447865,-0.24104939840889494,870,900,0
93.35927367055771,1.4240986368481803,7.653509428376842,-0.19248203255367324,900,930,0
94.1405355916686,1.7537268006665687,6.025582871971398,-0.11218527475166809,930,960,0
93.35927367055774,1.2097561053935806,3.462256415098578,0.1296829547537084,960,990,0
95.31242847333485,1.0914070105072884,4.33273327624186,0.1285344663568703,990,1020,0
94.14053559166864,1.307310228129232,7.140971578002226,-0.1574350906213361,1020,1050,0
93.35927367055771,1.2088479310014186,6.38996920975909,-0.13009204937762792,1050,1080,0
93.35927367055777,1.2056819956742384,2.6046498176561292,0.04139391502352294,1080,1110,0
93.35927367055771,1.4443462903034363,5.646284442848284,-0.12019269929836668,1110,1140,0
93.35927367055774,1.2441634957121481,4.24999563381708,-0.0417976443019879,1140,1170,0
93.35927367055773,1.1042109112861482,8.38286373993313,-0.249036466185097,1170,1200,0
92.18738078889147,1.447756318066535,6.21899254629405,-0.174174188829604,1200,1230,0
93.35927367055771,0.8563999098640427,5.057914130577404,-0.14023081447111915,1230,1260,0
93.35927367055774,1.367584585182988,1.7976905778644334,0.07806103299334395,1260,1290,0
93.35927367055774,1.2575501742755528,2.866468392737064,0.13655266091057672,1290,1320,0
93.35927367055776,1.1697287826044716,6.950019158047329,-0.11063551642324257,1320,1350,0
93.35927367055773,1.0587471780728785,4.5948899932269525,-0.03609212291770269,1350,1380,0
94.14053559166861,1.32049570262328,5.760418688708642,0.08876163781424454,1380,1410,0
93.35927367055771,1.1560703435738326,2.510608409489965,0.1624124048853801,1410,1440,0
93.35927367055773,1.298708900371066,4.780035955631037,0.11944325790180524,1440,1470,0
93.35927367055773,1.263858029863878,2.3996359101907516,0.11766684662646286,1470,1500,0
92.18738078889142,1.5433819564198745,7.065945507269288,-0.20792267037123213,1500,1530,0
92.18738078889146,1.1229256711246636,5.959220995788277,-0.18963483322217883,1530,1560,0
92.1873807888915,1.2103842460029537,5.688995379902721,0.33445106114009815,1560,1590,0
95.31242847333486,1.5836831100393223,5.751273135407917,-0.0797631073011661,1590,1620,0
94.14053559166858,1.0578892814668683,7.13282410152128,-0.22020064103031173,1620,1650,0
93.35927367055771,1.610631434351499,6.500396837536916,-0.19466792604020294,1650,1680,0
94.14053559166864,1.4557381850104891,3.848211313130922,0.1789768460210665,1680,1710,0
93.35927367055774,1.1989457613726686,4.967473415694949,-0.07022068160030391,1710,1740,0
94.14053559166852,1.0837369410228492,3.441278005311807,0.1801051998447204,1740,1770,0
94.14053559166861,1.5353174263367948,6.295576218871286,-0.06228582555501804,1770,1800,0
94.14053559166867,1.1311503550351838,1.8903684010739157,0.16024887567177076,1800,1830,0
94.14053559166861,1.5405339886456846,4.399261025220725,-0.05378589874052536,1830,1860,0
94.14053559166861,1.399464658435138,4.492783771176222,0.07242938722314432,1860,1890,0
94.14053559166858,3.2685321353310015,8.049572948343606,-0.05297014254929569,1890,1920,0
94.14053559166858,1.2430700658498786,3.286424200636672,0.19171327255947315,1920,1950,0
94.14053559166862,1.1343568600298533,6.941075357079701,-0.27051119195671486,1950,1980,0
93.3592736705577,1.2321168268259706,7.667369208318497,-0.2950157142801245,1980,2010,0
94.14053559166858,1.1312908969677178,5.086921838218572,-0.06090476164821143,2010,2040,0
94.14053559166867,1.293896101454232,3.504285541513175,0.03516907905004182,2040,2070,0
93.35927367055771,1.101835789860138,5.54547668882091,0.028077127615179318,2070,2100,0
93.35927367055771,1.1542708128182775,2.076692240678127,0.14730317026676057,2100,2130,0
94.14053559166858,1.3271623147924048,4.908441410114809,-0.07623907529864826,2130,2160,0
94.1405355916686,1.2860266841493275,2.5629561138957198,0.14818292250654835,2160,2190,0
94.14053559166861,1.232559140755932,4.85466987401635,-0.043001527823887685,2190,2220,0
93.35927367055771,1.509421040088559,6.40838023918367,-0.27487398913116634,2220,2250,0
93.35927367055777,1.2535419230121292,3.6013762754194625,0.20266289530852932,2250,2280,0
94.14053559166861,1.436905408929043,6.988026589660006,-0.154002312052601,2280,2310,0
93.35927367055771,1.1870141706310404,2.345098455101142,0.10357536824015262,2310,2340,0
93.35927367055774,1.268517979812773,6.936729714758056,-0.10847490304215833,2340,2370,0
93.35927367055777,1.2802187564992051,7.649177226136013,-0.29733173173973976,2370,2400,0
93.35927367055774,1.2174711563816039,1.8788217056566108,0.03675931565919496,2400,2430,0
93.35927367055771,1.058393288130563,6.422433005099674,-0.20032019877274376,2430,2460,0
93.35927367055768,1.1613175076098352,6.7683050943212315,-0.2572739019642082,2460,2490,0
92.18738078889143,1.1045218255559324,3.750792930110221,0.05390672298557128,2490,2520,0
93.35927367055777,1.4044684506824607,2.6690322458884297,0.24488644188211672,2520,2550,0
93.35927367055774,1.1589845105816905,4.905366722727229,0.13021306849679556,2550,2580,0
92.18738078889142,1.3104945791472904,6.055663447155456,-0.2664082983729652,2580,2610,0
93.35927367055771,1.3544215789779306,4.6088803088162305,-0.05370511698826184,2610,2640,0
93.35927367055774,1.5215122536270471,-0.3625147112212761,0.4053653308847067,2640,2670,0
94.14053559166861,1.3910546262943815,2.9941916671664828,0.17465120896224162,2670,2700,0
94.14053559166857,1.3869695501133166,5.174953009014986,-0.1403342878690482,2700,2730,0
94.14053559166858,1.1254894783696665,7.636969946992235,-0.23023299764017335,2730,2760,0
93.3592736705578,1.2902632596805839,4.297019019253644,0.10734614142883091,2760,2790,0
94.14053559166861,1.1720904793782005,4.402842435271412,0.007993933834543035,2790,2820,0
94.14053559166855,1.2577089039730602,1.619051741255601,0.11287910481022156,2820,2850,0
93.35927367055774,1.2951422169342772,7.449302144722577,-0.16186329609297495,2850,2880,0
94.14053559166864,1.448077655684386,2.4675745479957403,0.10882385697071298,2880,2910,0
95.31242847333485,1.1930241585004084,6.580238658681663,-0.15153177165327422,2910,2940,0
93.35927367055771,1.3872754689359803,6.30004919836563,-0.03522187497299286,2940,2970,0
93.35927367055774,1.258556247206993,6.224126144580769,-0.10709275607973961,2970,3000,0
93.35927367055776,1.16485692319656,5.264114613958483,-0.053840275763055036,3000,3030,0
93.35927367055774,1.2304000976378449,6.537220518047123,-0.26043903634907134,3030,3060,0
93.35927367055773,1.121438395834727,1.8794136862317057,0.26771994752698697,3060,3090,0
93.35927367055774,1.2335919282332755,4.397494682282373,0.297079222429447,3090,3120,0
93.35927367055774,1.219714251148837,5.259458564265428,0.12924540613028812,3120,3150,0
93.35927367055777,1.2978543601638632,4.915561556284585,0.040625644187946425,3150,3180,0
93.35927367055774,1.3931984783581624,2.8520473432889695,0.15776937608034747,3180,3210,0
93.35927367055774,1.1561413169156067,4.5800980676081435,0.21740930036899703,3210,3240,0
93.35927367055774,1.050185946224068,5.819790638302145,-0.23886593916800006,3240,3270,0
93.35927367055771,1.2173844888728462,5.9248006665500625,-0.12225633011389936,3270,3300,0
93.35927367055774,1.194556037146949,3.0051642973994195,0.05170435149893307,3300,3330,0
93.35927367055774,1.2576454838747861,5.190822578650863,-0.17349790551127198,3330,3360,0
93.35927367055777,1.1869239885024307,3.5236179850543667,0.21195518948139075,3360,3390,0
93.35927367055776,1.47012060365723,7.267921298351415,-0.20279626137943685,3390,3420,0
93.3592736705577,1.2703816919830346,5.36286995425239,-0.12230330070139882,3420,3450,0
93.35927367055774,1.2880822484551782,3.298499189274532,0.12171987885051903,3450,3480,0
93.35927367055776,1.2335952358011055,2.6640473483508966,0.28062696642459634,3480,3510,0
94.1405355916686,0.5482190218438384,6.770314803876151,-0.31161636616720845,3510,3540,1
94.1405355916686,1.263506480335619,-0.549240877207757,0.24748169582343602,3540,3570,1
94.14053559166861,1.2255003234979853,1.5877248339516448,0.1511002743473043,3570,3600,0
93.35927367055778,1.1858456643671658,9.66764618047483,-0.08837851980326863,3600,3630,0
94.14053559166858,1.2055805904088426,7.15590744779908,-0.10988408494639645,3630,3660,0
94.14053559166858,1.201391668180828,8.910881617650512,-0.1921559131521109,3660,3690,0
94.14053559166864,1.5844762560584313,3.1942200651364794,0.07998641779676856,3690,3720,0
93.35927367055774,0.8147933717529537,1.7532762067372243,0.921018855951119,3720,3750,0
96.09369039444567,1.1926811295617477,2.267102863826936,0.14056233898339687,3750,3780,0
89.062333104448,1.611648277289504,11.895360726146919,-0.25183470762048393,3780,3810,0
87.10917830167092,1.6963522888821818,8.708164506310167,-0.8886902797183249,3810,3840,0
94.14053559166861,1.7004214408485274,11.472104518611257,-0.255156466003189,3840,3870,0
94.14053559166858,1.273220625534721,17.46592826468902,-0.6768260252248934,3870,3900,0
94.14053559166858,1.4614280833952562,9.268393572099836,-0.24717202324808332,3900,3930,0
90.23422598611432,1.1544424794934314,-0.30741449907028,-0.07184459779839414,3930,3960,0
0.0015259021897069344,1.565851728854562,8.476229504026797,-0.3307630481183359,3960,3990,0
92.18738078889142,2.0996583716567976,7.170933621946206,-0.3132751577859662,3990,4020,0
93.35927367055771,1.2711439105035476,5.277867076770304,-0.15961510334892676,4020,4050,0
94.14053559166858,0.45976892765780947,5.449416482003025,-0.29192758390983187,4050,4080,0
94.14053559166864,1.036336029680669,10.020517620441968,-0.06598336996471027,4080,4110,0
93.35927367055771,1.2464070126894975,12.769453717977953,-0.06366124313899188,4110,4140,0
92.18738078889142,1.3793417459980248,11.136518675290318,-0.07292325661165032,4140,4170,0
93.35927367055774,1.2538094375399114,-2.0382722147964354,-0.03498953745920016,4170,4200,0
92.18738078889146,1.248229051592715,12.6333517585397,-0.06835991872706336,4200,4230,0
91.01548790722511,1.125010694283279,-7.22347580620897,0.004831224021950206,4230,4260,0
92.18738078889146,1.5327641383902402,7.883008991802466,-0.03930625835866691,4260,4290,0
91.0154879072252,0.70439533302028,1.5452416524437957,0.25032352593145657,4290,4320,0
94.14053559166864,0.28189773161477544,-4.59115949597615,-0.060326165158261946,4320,4350,0
92.18738078889143,1.1801392749100437,6.557922261908047,-0.03004209348553022,4350,4380,0
91.01548790722516,1.18678550465045,-2.353513012991088,0.001074690390950975,4380,4410,0
91.01548790722514,1.089868382476307,3.522442738941529,0.013955731377022438,4410,4440,0
93.35927367055773,1.0610678383337142,3.3044265550695564,-0.024293298213468158,4440,4470,1
91.01548790722514,1.5023390342682856,-1.6480220356847572,-0.012226902636319092,4470,4500,1
91.01548790722514,1.158832609233448,9.669071186224956,-0.05684680279081764,4500,4530,0
89.06233310444803,1.535976279734943,6.678403808853112,-0.05983938052707258,4530,4560,0
91.01548790722518,1.1374297874090138,0.8571727648123924,-0.003324552377471991,4560,4590,0
91.01548790722512,1.1307242104565056,5.968172795428583,-0.016055891751567363,4590,4620,0
91.01548790722516,1.563386978811929,2.275505736509664,-0.018023362759227682,4620,4650,0
91.01548790722514,1.1834046197123391,9.654931779784292,-0.06713760364996262,4650,4680,0
91.0154879072252,1.1071101520550979,6.263168327082468,-0.046121273009524066,4680,4710,0
91.01548790722512,1.9292066283427183,4.863346305225367,-0.08240676638660832,4710,4740,0
91.01548790722514,1.1170874990082404,10.966441511004808,-0.05713265290096277,4740,4770,0
94.14053559166858,1.1242001677142104,8.065002494476564,-0.030337104963320358,4770,4800,0
91.0154879072252,1.111864368295502,8.913735931098206,-0.07668673373768138,4800,4830,0
92.18738078889146,1.3054591887379254,3.2182520157500356,-0.006705361050419198,4830,4860,1
92.18738078889145,1.3718162785676293,3.9479606580766644,-0.026411366811133215,4860,4890,1
91.01548790722516,1.0905687934176784,8.678495661993582,-0.0799564105703206,4890,4920,1
91.01548790722511,1.2655469928134069,8.156734226348346,-0.05789238908794584,4920,4950,0
91.01548790722512,1.0019389560921215,-0.6626225626551758,-0.004932480922730752,4950,4980,0
92.18738078889143,1.3369121842175935,2.2619455560049477,-0.004529266611028667,4980,5010,0
91.01548790722515,1.3812061057281213,9.191612895763967,-0.07213520625693902,5010,5040,0
92.18738078889147,0.9495247646766198,4.494953914524417,-0.015140885660362011,5040,5070,0
91.01548790722507,1.0920814470825109,9.530585121098762,-0.09358440745163615,5070,5100,0
91.01548790722514,1.2398502724140534,7.79367338505073,-0.08296609194222467,5100,5130,0
91.01548790722518,1.0640954920994068,12.507769562696803,-0.08085092482909995,5130,5160,0
92.18738078889146,1.0622569101574748,1.601912818560945,0.08040499206706683,5160,5190,0
95.31242847333483,0.4677410233128516,5.10863462426353,-0.2715200240614231,5190,5220,1
93.35927367055768,1.3297214858620072,12.232412755651197,-0.1311378230544159,5220,5250,1
94.1405355916686,1.1729087501100943,17.044074531972754,-0.03670134302185325,5250,5280,1
93.35927367055774,1.4419841991361202,30.330193056828627,-0.12158477156205175,5280,5310,0
92.18738078889146,1.1611925348112715,20.128530342031258,-0.16632158498564925,5310,5340,0
93.35927367055771,1.4163510449055365,-19.32987205889865,0.13371917404865316,5340,5370,0
93.35927367055774,1.1956984011051879,-25.735371106467014,0.09629910364013625,5370,5400,0
93.35927367055777,1.3586622586447232,-3.8335138375571236,0.15320377306794591,5400,5430,0
93.35927367055771,1.3200521028309327,25.73121208487694,-0.21967954635495893,5430,5460,0
93.35927367055771,1.264901365628509,6.254788928406208,0.03802014747192435,5460,5490,0
93.35927367055781,1.1916300777791144,22.373368581593404,-0.07442804715486515,5490,5520,0
93.35927367055773,1.1331655297810868,20.64943765554651,-0.1223591260330546,5520,5550,0
93.35927367055774,1.485206276752193,23.568415493215827,0.833265008101971,5550,5580,0
95.31242847333492,1.0139217251303634,20.044485596128744,-0.146877724787664,5580,5610,0
94.14053559166861,1.088256589135045,-9.336430356498903,-0.10358659679319265,5610,5640,0
95.3124284733349,1.3865219628730483,8.126358696929806,-0.11839068938102798,5640,5670,0
94.14053559166858,1.1188295002875046,2.354870436917489,-0.0003144776800373594,5670,5700,0
94.14053559166855,1.3550067701837507,11.280272495027676,-0.11557409570032418,5700,5730,0
93.35927367055774,1.3604029814112546,-16.331581074066158,0.11153899495239009,5730,5760,0
93.35927367055776,1.0608895772372533,29.06674420015993,-0.0393526519194885,5760,5790,0
93.35927367055771,0.888302450534709,-2.8463070620662414,-0.24115051168565493,5790,5820,0
95.31242847333486,1.8579780228662428,-5.012837362069179,0.05389514604535761,5820,5850,0
94.14053559166861,1.2253583913838422,-0.784352579597658,0.18525200365676242,5850,5880,0
94.14053559166858,1.24711149906141,19.11232883306746,-0.08841783890029423,5880,5910,0
94.1405355916686,1.118418858924877,-0.3900121146284956,-0.03492813051206541,5910,5940,0
93.35927367055777,1.2741807645052305,-8.365111438030363,0.10784374356882731,5940,5970,0
94.14053559166862,1.2304590677164546,8.041729607966088,0.032564667241297945,5970,6000,0
93.35927367055777,1.382948472429246,20.94967607558648,-0.14136498809109085,6000,6030,0
93.3592736705577,1.2028857901470817,17.86002125131228,-0.06507385015871417,6030,6060,0
94.14053559166861,0.9542241136759739,-4.397091000961228,-0.008984687161129892,6060,6090,0
94.14053559166861,1.1366142691804728,9.327894466797328,-0.026946422053873733,6090,6120,0
94.14053559166854,1.3588262472480372,0.441251348776364,0.009193270815731392,6120,6150,0
94.1405355916686,1.4409996721903835,23.03442247615539,-0.12726746138131806,6150,6180,0
95.31242847333488,1.0364472964930698,0.48451922167446126,-0.08274590748786706,6180,6210,0
94.14053559166861,1.3621814160836967,-5.827009164474552,-0.9663148080302314,6210,6240,0
94.1405355916686,1.4082709130862279,-2.712836662893506,-0.08822134736436624,6240,6270,0
94.14053559166858,1.1084210265509946,-9.571885268123866,0.013598828647693307,6270,6300,0
93.35927367055774,1.2761837250419632,-0.08300328663961709,0.0692833149317682,6300,6330,0
93.35927367055774,1.4133673538213598,19.83078314785898,-0.10840132428257199,6330,6360,0
93.35927367055773,1.3006617283482642,10.390813898508826,0.04100402176414457,6360,6390,0
93.35927367055771,1.1846281088442223,-2.7302732602788997,0.048286752721834234,6390,6420,0
94.1405355916686,1.3718585231905194,14.805416571893952,-0.013739381111203,6420,6450,0
94.14053559166855,1.260652320925297,-12.992087840214953,0.06698429284986925,6450,6480,0
94.14053559166857,1.1841837060346565,19.399987517383767,-0.059538682086545926,6480,6510,0
94.14053559166855,1.2715085405031066,-6.294171498758918,0.010044516249422071,6510,6540,0
93.35927367055776,1.1893909027168827,8.656935755137182,-0.006763337891782523,6540,6570,0
93.35927367055768,1.1894166679982785,18.544359200592407,-0.03961569655207179,6570,6600,0
94.14053559166862,1.2747004786015181,-5.261019870415574,-0.040901835435275244,6600,6630,0
94.14053559166857,1.238335110094896,19.03030801596015,-0.06109950015971523,6630,6660,0
94.14053559166858,1.3714068661880925,5.18429699601907,0.008745251328467384,6660,6690,0
94.14053559166861,1.0273384983040263,-7.788944301012373,0.03738752519604767,6690,6720,0
94.14053559166858,1.441074651299039,1.3125667380752954,0.022549569243879113,6720,6750,0
94.14053559166857,1.2030583959318841,20.736951264787955,-0.09136091397698401,6750,6780,0
95.31242847333485,1.005253749324836,10.033836085301512,-1.0531220999657662,6780,6810,0
95.31242847333486,1.2509769589721458,18.628267521651125,-0.0804044929328868,6810,6840,0
93.35927367055776,1.347692779906762,-3.894524519575917,-0.03561311604845103,6840,6870,0
91.01548790722514,1.1747217405815495,-3.830237652612116,0.0011790900241903214,6870,6900,0
91.0154879072252,0.9034337614754148,-15.792876911289722,0.005056974522762343,6900,6930,0
91.0154879072252,1.0037839261022545,-0.6526427514206986,0.003371241371519021,6930,6960,0
92.18738078889149,1.2367437759395712,16.366033513457438,-0.05012282392616127,6960,6990,0
92.18738078889142,1.2168417247131922,11.438635220187974,-0.02111322824926146,6990,7020,0
92.1873807888915,1.2929538941674046,21.137187316630314,-0.07682673522556649,7020,7050,0
92.18738078889145,1.2861097039912155,15.177352884126442,-0.03912075861932322,7050,7080,0
92.18738078889153,1.140922475813319,15.968362201085396,-0.08947886455715173,7080,7110,0
91.01548790722512,1.1987062329147558,21.4462491534076,-0.07147084102022047,7110,7140,0
91.01548790722514,1.1700221390023369,-6.065541563940066,-0.005389366465181374,7140,7170,0
92.18738078889142,1.3030915845466577,14.061143673042265,-0.06154568875171356,7170,7200,0
92.18738078889152,1.3770240431987395,16.29735947251359,-0.04329447991928088,7200,7230,0
92.18738078889146,1.330865431491358,13.558244412834874,-0.07616259673634847,7230,7260,0
92.18738078889146,1.2362338867181055,-7.612543200703076,-0.01078588857864137,7260,7290,0
91.01548790722518,1.5726230818913258,-0.3268264825557253,-0.03127630763649027,7290,7320,1
92.18738078889149,1.2020531644948727,12.156068282464137,-0.07179746654321183,7320,7350,1
92.18738078889146,1.0694863378113972,-9.988654173136586,0.02432184099481468,7350,7380,0
92.18738078889146,1.2281248318715934,-10.175182768426023,0.006102679945149629,7380,7410,0
92.18738078889146,1.2680889819272718,19.754428084119954,-0.06539087256383798,7410,7440,0
92.18738078889149,1.2708704061869815,-9.588929663831154,0.0018593660908769489,7440,7470,0
92.18738078889143,1.1294890636841681,-2.1795468055447147,-0.0009214935304834234,7470,7500,0
91.01548790722516,1.1630006820279182,1.395548808302763,-0.04740674166556144,7500,7530,0
91.01548790722518,1.1733327430581983,-9.254267100584034,0.008769338974609964,7530,7560,0
92.18738078889147,1.0881598000754844,-6.808727988570019,0.0051922098080838,7560,7590,0
91.01548790722516,1.3376042306129148,11.61423392775353,-0.04136446952842562,7590,7620,0
92.18738078889145,1.2568430786071765,21.24128022734846,-0.07284437121309302,7620,7650,0
91.01548790722518,1.2396997975453297,13.189470687316115,-0.07511351400207014,7650,7680,0
91.01548790722514,1.2547119604744708,17.496799432954802,-0.0774612271350327,7680,7710,1
90.23422598611428,1.1852604464413592,9.566668117302205,-0.0409410377270966,7710,7740,1
90.23422598611431,1.2801199645917585,15.550613723990018,-0.08756519698848114,7740,7770,1
89.062333104448,1.2320734859621494,12.586909557245479,-0.05001083044636097,7770,7800,1
90.23422598611428,1.3218258557529527,15.976533331525188,-0.048088635851675825,7800,7830,1
89.06233310444796,1.255265893734866,16.854886625732572,-0.07550636630784592,7830,7860,1
89.062333104448,1.2955822194993702,6.891318205426043,-0.04437834952735934,7860,7890,1
90.23422598611431,1.1326380644757046,-3.2003941038239803,0.017050677013797418,7890,7920,1
89.06233310444803,1.325985076419506,-6.660439218412783,-0.007635313725922331,7920,7950,1
90.23422598611427,1.2945138110906749,8.733411679277827,-0.04716142685665565,7950,7980,1
91.01548790722515,1.1589828443908976,10.868614355503624,-0.05265611086491524,7980,8010,1
90.23422598611431,1.140146377556908,-2.9026665810906507,-0.024133402136047567,8010,8040,1
88.2810711833372,1.2028949489562668,13.7763129128419,-0.046952855764488044,8040,8070,1
88.28107118333718,1.813268025685657,9.690285666783453,0.22516191726839258,8070,8100,1
94.1405355916686,1.1056949659768254,-8.572658774055524,-0.01001555706953665,8100,8130,0
94.14053559166861,1.3143688083377194,9.759514180236682,-0.020810340041831743,8130,8160,1
93.35927367055778,1.2932170450324951,8.50364085035001,-0.03449665346687777,8160,8190,1
85.15602349889375,0.8671877186265026,-22.624873650856475,0.7778589921240284,8190,8220,1
96.09369039444566,1.3330590170685244,-6.220057247118265,0.009688899839467255,8220,8250,0
95.31242847333488,1.0160310939583919,0.4779289237281112,0.010446775578586608,8250,8280,1
93.35927367055774,1.1784248693894113,-10.177319279584571,-0.040562692860881155,8280,8310,1
93.35927367055771,1.1559823482298464,-5.456789009685261,0.005952578707058663,8310,8340,1
93.35927367055773,1.2238170757514952,13.217476204552055,-0.056791021417533574,8340,8370,1
94.14053559166858,1.060129728971539,14.367258400302203,-0.05055082361031175,8370,8400,1
92.18738078889146,1.349665607752387,17.403224375234956,-0.07699912424554357,8400,8430,1
94.1405355916686,1.219773988648594,15.601921508632849,-0.0593174373217156,8430,8460,1
94.1405355916686,0.9783221894695031,9.11442922058804,-0.05539508280269761,8460,8490,1
92.18738078889143,1.172166454027228,4.066977003195649,-0.046489847026978066,8490,8520,1
90.23422598611431,1.2757917317085858,-13.409105958668812,0.4940923926166363,8520,8550,1
96.09369039444576,1.3805899998880806,4.227003768626487,-0.0067416561828243255,8550,8580,0
94.14053559166857,1.2603008997039098,15.946016797302503,-0.033072838227824995,8580,8610,1
94.14053559166861,1.232567287761549,10.596312794463346,-0.04573976771189814,8610,8640,1
93.35927367055773,1.1876847703809414,13.36340838325671,-0.050220495696362756,8640,8670,1
93.35927367055773,1.2300147128685261,12.113706983422787,-0.03644010288487292,8670,8700,1
93.35927367055773,1.24940337576128,13.935648844388778,-0.03161868663298524,8700,8730,1
94.14053559166858,1.1032134301739076,12.30344441430193,-0.015152231495705416,8730,8760,0
93.35927367055781,1.7045660101488653,0.9165139829346514,-0.005512632010285401,8760,8790,0
93.35927367055773,1.2592266884627965,-2.406902077280203,-0.020949749627635263,8790,8820,0
92.18738078889142,1.359062240734853,13.076452032692751,-0.04174822429300511,8820,8850,0
93.35927367055773,1.0407600483931156,13.617300226406341,-0.04459543506077635,8850,8880,1
94.14053559166865,1.37950331674783,-3.0571090515903347,-0.02744872384500558,8880,8910,1
92.18738078889147,1.1754378359519781,2.4712996177801845,-0.04584411120185369,8910,8940,1
94.14053559166855,1.124993314434608,10.139012852073137,-0.05105002444221246,8940,8970,0
93.35927367055773,1.3302964392560026,15.414608891840116,-0.037068581379957936,8970,9000,1
94.14053559166864,1.3740337519205235,9.391878196133572,-0.04391695274141896,9000,9030,1
93.35927367055778,1.315959402656423,14.397218523918793,-0.04777346048175094,9030,9060,1
93.35927367055768,1.1627272398982922,1.7304130899878065,-0.02429278146969706,9060,9090,1
93.35927367055771,1.4193732787877673,0.5278645631813861,-0.025029389811136667,9090,9120,1
93.35927367055774,1.2128865190826879,17.28930624874478,-0.034387189488495194,9120,9150,1
94.14053559166858,0.8854439390319423,9.698878791588752,-0.5802323622178064,9150,9180,0
96.0936903944457,1.3332253596305397,15.566388049005775,0.06175835403493612,9180,9210,0
94.14053559166861,1.352205909471404,-3.254283947918773,0.010277941049433616,9210,9240,0
94.14053559166861,1.2104093891629888,6.027349826456753,-0.05364524657478568,9240,9270,0
94.14053559166864,1.3485935647016702,19.03199512874981,-0.07863542811458167,9270,9300,0
94.14053559166858,1.2389562569476942,17.123716518186807,-0.07289148554223741,9300,9330,0
93.35927367055767,1.753260848169579,-2.313510194610145,0.09729444174439197,9330,9360,0
95.3124284733349,1.177978557107721,22.760963023201395,-0.15862631976008423,9360,9390,0
94.14053559166862,1.2347497827133893,11.007923392324662,0.03272039235076128,9390,9420,0
94.14053559166858,1.572410983309736,18.516236086925222,-0.5434015725861125,9420,9450,0
94.14053559166857,1.235576068075898,-0.7454098924501436,-0.076895769688178,9450,9480,0
94.1405355916686,1.2193429911826856,5.6255389331199375,-0.1006861899877861,9480,9510,0
94.1405355916686,1.0678996290512566,16.256868419055703,0.010030356740716201,9510,9540,0
94.14053559166855,1.1502489884657794,-0.5170551624846816,-0.08813107506311507,9540,9570,0
93.35927367055771,1.5161973787875846,17.363384543686788,-0.01951934350124976,9570,9600,0
94.14053559166858,1.3929632688060942,-5.904249338478958,0.06300921984944904,9600,9630,1
95.31242847333488,1.138628664810397,20.17774461473337,-0.09239033258027954,9630,9660,1
93.35927367055767,1.2779555348193952,6.642678862645489,-0.1146708982961223,9660,9690,0
94.14053559166858,1.1997871921273477,-7.4873961551375,0.05530981158794297,9690,9720,0
94.14053559166862,1.2530716055636255,17.832268690451738,-0.08834663519205543,9720,9750,0
95.3124284733349,1.3618709047060995,13.515434266562583,0.07194556027276654,9750,9780,0
94.14053559166862,1.4450261146369405,6.31736124200455,-0.05207975701104192,9780,9810,0
95.31242847333483,0.9606980776411033,14.127650516599287,0.04377390389065488,9810,9840,0
97.26558327611201,0.4512393728973703,8.627058169342058,0.5199302729287837,9840,9870,0
95.31242847333485,1.3272489445851112,5.520788577744403,-0.4210562640778219,9870,9900,0
95.31242847333492,1.2414194764725712,-6.098655759130509,0.6412302944816651,9900,9930,0
0.001525902189708144,0.8511960492690362,13.88351706607461,-0.3000006577492633,9930,9960,0
98.04531929503322,1.6897279387422464,15.089871390571739,-0.4556872939767188,9960,9990,0
93.35927367055773,1.1876303001731305,-6.786159618540347,0.32427886369186215,9990,10020,0
93.35927367055773,1.3117681772741052,19.67988900767247,-0.9230091096756564,10020,10050,0
94.1405355916686,1.1912676201768282,16.976345274282004,-0.6694875099830151,10050,10080,0
93.35927367055773,2.00877204733603,2.453932437919402,0.18862839102046555,10080,10110,0
92.18738078889143,0.5434385949431747,10.189611000432583,-0.009924152222369887,10110,10140,0
92.1873807888914,1.5318496403712156,5.520148401702855,-0.009647667739561702,10140,10170,0
92.18738078889143,1.5534887411149958,20.687423154726932,-0.11214849849309094,10170,10200,0
92.18738078889146,1.219994532857709,-8.401217671962867,0.001588452378954686,10200,10230,0
92.18738078889149,1.1192483108326667,21.744520152297614,-0.10861157773707489,10230,10260,0
93.35927367055774,0.738217586539712,-9.311165031158437,0.02813797330830129,10260,10290,0
92.18738078889143,1.3222678959983676,9.926882768854973,-0.06423464970277708,10290,10320,0
92.18738078889146,1.7734334336932134,9.828916961695645,-0.03472645265586318,10320,10350,0
92.18738078889147,1.4900055023245333,17.87646640821514,-0.09698012947905107,10350,10380,0
93.35927367055778,1.1575049529730164,16.091827731162308,-0.0791787791835038,10380,10410,0
93.35927367055774,1.3988236529603022,17.08296947221763,-0.07116561383521346,10410,10440,0
93.35927367055771,1.1374744211348766,14.68139387242091,-0.05410370713477535,10440,10470,0
92.18738078889143,1.0643652143388318,-8.94128882509778,0.042017427368421144,10470,10500,0
92.18738078889142,1.1665367895941485,14.843571068382525,-0.06713102313230493,10500,10530,0
92.18738078889145,1.355111066855551,20.242564359652512,-0.09652978571305162,10530,10560,0
92.18738078889143,1.0921390131406843,9.163070312499547,-0.06732429072468464,10560,10590,0
94.14053559166862,1.4201759248706958,-2.065761746952488,0.005286894772365221,10590,10620,0
93.35927367055773,1.2337169714031564,17.801359227386563,-0.08789681252356898,10620,10650,0
92.18738078889145,1.175021856223441,9.102931993215238,-0.044229159901772036,10650,10680,0
93.35927367055774,1.3680918215789482,14.294749847676156,-0.08339553274180754,10680,10710,0
92.18738078889145,1.3335075551943967,5.314048543102108,-0.035319084342630154,10710,10740,0
92.18738078889149,1.1023304366958162,11.128228812089354,-0.05095207575934581,10740,10770,0
92.1873807888915,1.3882280141242394,14.504666059940119,-0.09369400911302585,10770,10800,0
92.18738078889146,1.1648157606739846,-3.703871938685417,0.03361424357654087,10800,10830,0
92.18738078889146,1.3053798311120042,10.145135036719543,-0.06941496095757532,10830,10860,0
92.18738078889146,1.3214686163309448,-2.657342990263251,0.01990701085320382,10860,10890,0
92.18738078889139,1.236189991363344,7.226716409813668,-0.04156510621903135,10890,10920,0
92.18738078889145,1.4046370585601535,4.137462854705048,-0.027377271078678295,10920,10950,0
92.18738078889145,1.250334529024616,0.8353958156316192,-0.013382495293911473,10950,10980,0
92.18738078889147,1.2284741099517102,14.465722353852705,-0.09399508241567461,10980,11010,0
92.18738078889146,1.3072930547641595,-1.7460874698227578,0.004565890294109041,11010,11040,0
92.18738078889147,1.1025937636906271,12.841875615645302,-0.07784177623330435,11040,11070,0
92.18738078889145,1.175255162902158,2.2777728398159662,-0.010140665154855436,11070,11100,0
92.18738078889149,1.3479586567378194,7.305273231124244,-0.05162809491026446,11100,11130,0
92.1873807888914,1.1606748749814757,16.45501149225741,-0.09240117273319887,11130,11160,0
92.18738078889145,1.2405649252935842,12.821196867671567,-0.0649117888880279,11160,11190,0
92.18738078889143,1.1041476457039119,-4.77610748035023,0.017627737437596974,11190,11220,0
92.18738078889142,1.2439926378408055,10.896667626744312,-0.05857389239173547,11220,11250,0
92.18738078889143,1.1888956350884108,8.222788663958614,-0.039051214840304785,11250,11280,0
92.18738078889153,1.1457948003878935,-6.617210721419497,0.029199107466164845,11280,11310,0
92.18738078889147,1.259744411543377,1.9465907336724968,-0.006110153112734334,11310,11340,0
92.18738078889143,1.1874135645949693,19.60743622086497,-0.0933945045857414,11340,11370,0
91.01548790722516,1.1229122271809961,-9.720388530888043,0.026395256345280522,11370,11400,0
92.18738078889142,1.325061734954801,15.862887152899944,-0.09333881902662089,11400,11430,0
91.01548790722516,1.0580024816442393,-4.884223893965499,0.030529806104068125,11430,11460,0
92.18738078889147,1.2365475268234354,8.490238451608507,-0.06123828465525738,11460,11490,0
92.18738078889142,1.184609110005877,20.480888167623668,-0.0719902147635345,11490,11520,0
92.18738078889147,1.059897788752391,-1.4486839389311852,0.001283525069412996,11520,11550,0
91.01548790722512,1.1688957186530238,13.490109831404894,-0.0870593520171171,11550,11580,0
92.18738078889146,1.136725470350414,-3.676252639997708,0.019087250484461804,11580,11610,0
91.01548790722514,1.243146343276166,-0.12119747506956689,-0.016986033939438167,11610,11640,0
91.01548790722516,1.243123690168028,17.823051662330148,-0.08959666113497049,11640,11670,0
91.01548790722518,1.2771991591190779,14.508325115312283,-0.06661786511485412,11670,11700,0
92.18738078889145,1.1939698211016059,4.746401179470777,-0.03690091064426409,11700,11730,0
91.01548790722518,1.284319776278173,3.6679695790836777,-0.03431396890600797,11730,11760,0
91.01548790722514,1.2898653510038671,16.490271593156265,-0.07760131633646036,11760,11790,0
91.01548790722516,1.0541107121848587,-3.4150622412774485,0.013390773095338671,11790,11820,0
91.01548790722518,1.2762989165065808,-4.697687834989387,0.0060294261338913425,11820,11850,0
91.01548790722512,1.1622690511441394,-9.684680582296087,-0.0008968662187560253,11850,11880,0
91.01548790722516,1.2355621419711436,5.436477292759701,-0.02897135999250739,11880,11910,0
91.01548790722514,1.175353077951344,13.987541624639462,-0.04961671574494342,11910,11940,0
91.01548790722512,1.0611433228195226,6.975722747902998,-0.04811890504590529,11940,11970,0
91.01548790722514,1.196589596046299,10.063105057229796,-0.05641702253552247,11970,12000,0
92.18738078889149,1.2097866877218195,20.594701587669036,-0.08254924440290874,12000,12030,0
91.01548790722516,1.2475493104184892,-3.6175050911779865,0.014409700548742084,12030,12060,0
91.01548790722515,1.1889109200738113,-8.576383649528175,0.03202867822008312,12060,12090,0
91.01548790722516,1.080084252015219,3.239429210274071,-0.025835062069037573,12090,12120,0
91.01548790722515,1.1785962203545752,18.774672820542943,-0.07454912588403112,12120,12150,0
91.01548790722512,1.201907654854656,-4.663498570317422,0.033716994552624634,12150,12180,0
91.01548790722511,1.1278283828788953,9.722825346077304,-0.054143653284596485,12180,12210,0
91.0154879072251,1.3407656502477419,12.650965149995598,-0.05106542832642567,12210,12240,0
91.01548790722515,1.291449557677853,19.821433644116595,-0.09512021070653837,12240,12270,0
91.01548790722516,1.2286254576058848,13.120762714196909,-0.08326199945167718,12270,12300,0
91.01548790722516,1.2040867850747008,-4.74086219957386,0.01933113130562393,12300,12330,0
91.01548790722516,1.2202342007640237,12.083670747151677,-0.0455259420176723,12330,12360,0
91.0154879072252,1.105720089112705,9.223612218978031,-0.04640403696551846,12360,12390,0
91.01548790722515,1.2259148938779285,-4.237458881246563,0.00680446356294094,12390,12420,0
91.01548790722514,1.1302587187879165,-0.4837140811158552,-0.003591327343469376,12420,12450,0
91.01548790722511,1.2972397585916924,-2.7872728858839873,0.017802479952777228,12450,12480,0
91.01548790722515,1.084145612904322,6.919658281079281,-0.04631635646252325,12480,12510,0
91.01548790722516,1.233229015552416,1.579575734803603,-0.007955853644807828,12510,12540,0
91.01548790722511,1.2928885298380124,16.126094894815473,-0.09706574830168396,12540,12570,0
91.01548790722514,1.1677793823135267,13.278205928286624,-0.09078710883343316,12570,12600,0
91.01548790722515,1.030916699357694,-6.158167588873461,0.030058503314054574,12600,12630,0
92.18738078889145,1.2458929404363732,15.555150132626236,-0.0799426043779654,12630,12660,0
91.01548790722518,1.0785266350931666,12.632226943562989,-0.060397639147382165,12660,12690,0
91.01548790722511,1.1963003804516343,4.559884264068898,-0.02777578546010579,12690,12720,0
91.01548790722516,1.2410383464677759,-0.24705059428387888,0.004961180788939797,12720,12750,0
91.01548790722516,1.1357883756484244,-6.547011827280748,0.02767903316958721,12750,12780,0
91.01548790722515,1.3040649367168238,14.152412535155655,-0.07572972813413364,12780,12810,0
92.18738078889142,1.2111329249992278,-1.175735487649157,0.02273980254771818,12810,12840,0
92.18738078889146,1.200483966615348,13.08501726291724,-0.07313584962553416,12840,12870,0
91.01548790722514,0.9890357177501394,14.25761973233822,-0.06220049429948508,12870,12900,0
91.01548790722511,1.3124468599339814,9.408462871617605,-0.04440478291282829,12900,12930,0
91.01548790722516,1.1584476117720357,-6.368637942121676,-0.014326231538360757,12930,12960,0
92.18738078889143,1.202751104502276,-8.919369216942561,0.022447767855261525,12960,12990,0
91.01548790722518,0.9996416951852178,-7.879391917186966,0.023367788654892363,12990,13020,0
92.18738078889142,1.160065348923292,17.55922877393824,-0.0864714167763285,13020,13050,0
92.18738078889146,1.281611394937276,21.241453729613678,-0.09335096350878008,13050,13080,0
91.01548790722518,1.3381831136698905,20.600237616506394,-0.0877810123650086,13080,13110,0
91.01548790722514,1.3084561586938779,1.6677802064401417,-0.0083244111710521,13110,13140,0
91.01548790722515,1.2945898697428118,14.237764937777133,-0.0679501712174561,13140,13170,0
91.01548790722515,1.1288081037100346,-9.147157436806507,0.0063556501961654814,13170,13200,0
92.18738078889147,1.3028377101536994,7.076492616409793,-0.012938424512218811,13200,13230,0
92.1873807888914,1.1481899601274048,5.648195792606343,-0.05765351989832099,13230,13260,0
92.18738078889143,1.2106279851835373,-5.605402910200927,-0.005032728955296939,13260,13290,0
91.01548790722514,1.3209191478571507,17.924369150798313,-0.0693586824670607,13290,13320,0
91.0154879072252,1.3810317184596177,19.159347489458366,-0.08213227606454712,13320,13350,0
91.01548790722516,1.1801173850557982,4.3078771144684325,-0.04264450008784261,13350,13380,0
92.18738078889139,1.1824591640485524,-8.147435341032374,0.010712702625805641,13380,13410,0
91.01548790722511,1.1995844330703989,13.578550956621436,-0.058657781481040575,13410,13440,0
91.0154879072252,1.2485257450451508,3.8053995880561318,-0.027211564448174796,13440,13470,0
92.18738078889145,1.0795255695744865,16.895458223708076,-0.0789292442443187,13470,13500,0
91.01548790722516,1.306334996652657,15.878088386861709,-0.08679541728338315,13500,13530,0
91.01548790722514,1.1775751092837254,15.526029323522275,-0.08979787803560378,13530,13560,0
91.01548790722516,1.1547721449931756,-4.584867453917951,0.005054420921393335,13560,13590,0
91.01548790722518,1.2751402581548892,-1.5824478417786618,0.006819656919495952,13590,13620,0
91.01548790722518,1.0595383491923027,10.101629303681504,-0.06971244164264272,13620,13650,0
92.18738078889143,1.4490564743920664,0.9775423052318297,-0.015863817356293036,13650,13680,0
91.01548790722518,1.6057541000598072,14.311170259089673,-0.08187567892400052,13680,13710,0
91.01548790722514,1.425003807143168,-5.510433240009646,0.009946324046205945,13710,13740,0
92.18738078889139,1.5299548284494868,4.179147592740247,-0.018521725579943794,13740,13770,0
92.18738078889145,1.3862266754653325,5.4745639136499,0.05653369243776638,13770,13800,0
93.35927367055776,1.1542867257985847,10.91111597588172,-0.07044598593494468,13800,13830,1
93.35927367055777,1.2447427647861338,18.363833890948356,-0.06170615022116249,13830,13860,1
92.18738078889143,1.6122417331753947,19.957528534166197,-0.19203536028435603,13860,13890,1
94.14053559166857,1.2813536336743552,14.679747655948617,-0.07808504702937091,13890,13920,1
92.18738078889147,1.1831988931239734,16.023456484832952,-0.10746483496437942,13920,13950,1
92.18738078889146,1.205654692086795,9.62730875909158,-0.05433866171749187,13950,13980,1
90.23422598611425,1.132385842841787,-7.718635324795921,0.0038176602967114415,13980,14010,1
90.23422598611427,1.285844006732532,19.132612682550164,-0.1296310120316124,14010,14040,1
91.0154879072252,1.1248247122512234,3.092924950962902,-0.03684208680784997,14040,14070,0
88.2810711833372,1.177194286577641,7.766369053666718,-0.04416346052342109,14070,14100,0
87.10917830167088,0.9867470499480254,-12.275605024053034,0.10016709017772463,14100,14130,1
93.35927367055767,1.230333070896987,11.928097602141877,-0.050173826890312,14130,14160,1
90.2342259861143,1.1278399385606261,1.296244217962986,0.030338822490463282,14160,14190,1
89.06233310444802,1.1746750660872052,7.569663732686692,-0.06240950405481969,14190,14220,1
90.2342259861143,1.2437283742693257,-4.4086822610254615,0.0009277285087569585,14220,14250,1
90.23422598611425,1.1385239992653517,12.947687953512924,-0.08102963686248228,14250,14280,1
93.35927367055774,1.1976315426582478,16.440740142999744,-0.09013906329688258,14280,14310,1
91.01548790722515,1.1663845870658616,13.720703973079763,-0.05644646225986741,14310,14340,1
91.0154879072251,1.2318207611318666,-2.3618790737206834,-0.0018638250906603448,14340,14370,0
89.06233310444799,1.1277502576423635,-6.09248106711625,0.02750326410216753,14370,14400,0
90.23422598611432,1.130409578630235,-3.1391398451952113,0.0010503937529017814,14400,14430,0
88.28107118333719,1.1536766864947283,13.74867786364424,-0.07857697102685818,14430,14460,0
88.28107118333713,1.230622457523948,11.411826070655643,-0.07422107367729436,14460,14490,0
90.23422598611424,1.2203343642814417,17.154348919916668,-0.14572123099077003,14490,14520,1
93.35927367055774,1.199789379184046,-4.313134509867098,0.03440060993893367,14520,14550,1
91.0154879072252,1.1860156097782908,17.04964006875806,-0.12037265771892516,14550,14580,1
94.1405355916686,1.1579071756449177,0.48120207295575645,-0.015736572907047434,14580,14610,1
92.18738078889142,1.3044082837140527,18.296283426794083,-0.10273013837953103,14610,14640,1
92.18738078889147,1.145810675095641,-4.772235212521546,0.10762966101163972,14640,14670,1
94.14053559166862,1.223963008045575,4.968705984576952,-0.025635575155476917,14670,14700,1
91.01548790722518,1.2375778821293446,-6.789535083415157,0.03135287563420873,14700,14730,1
93.35927367055771,1.1846027118388887,15.652107777676314,-0.08210600770854952,14730,14760,1
92.18738078889145,0.9945098527058585,-6.351872969132749,0.08208055261253092,14760,14790,1
95.31242847333483,1.077224105430221,17.09994105879884,-0.09729260822069344,14790,14820,1
92.1873807888914,1.0945689538082035,21.01129496241995,-0.10678975935186677,14820,14850,1
92.18738078889149,-0.1791592959575293,17.352636159953303,-0.03764359163789117,14850,14880,1
95.31242847333485,1.3103754129089844,13.682687380579615,-0.0863647157383357,14880,14910,0
94.14053559166857,0.2626318842530201,13.820334808393667,0.020858940043914764,14910,14940,0
95.31242847333488,1.285056413606147,13.389689799891052,-0.0678825207711808,14940,14970,0
94.14053559166857,1.3589591066822087,0.20539373311773068,-0.039766109010642973,14970,15000,0
94.14053559166865,1.245508818209232,20.95808853481588,-0.11641348597492177,15000,15030,1
93.35927367055774,1.102640746396092,19.290004974671373,-0.11961155721325056,15030,15060,1
93.35927367055777,1.1975125632218109,14.153046298915791,-0.09688511887344918,15060,15090,0
93.35927367055777,1.241094773168884,-9.621889392849182,0.023755828079859737,15090,15120,0
93.35927367055776,1.1329804895199191,11.550700511146635,-0.06145194909720573,15120,15150,0
93.35927367055776,1.290264879470618,-6.2416643256166084,0.043679812042986724,15150,15180,0
93.35927367055773,1.2022895982949415,16.782346884951043,-0.08789099916554333,15180,15210,0
93.35927367055777,1.2736752847901593,15.055290123350282,-0.1023992598650949,15210,15240,0
93.35927367055773,1.2161840873711094,16.44339100755703,-0.0882199749254868,15240,15270,0
93.35927367055774,1.1649207792681306,13.223085917488342,-0.08623837767013792,15270,15300,0
93.35927367055778,1.278558491251536,-6.239892111235271,0.009847821072693217,15300,15330,0
92.18738078889146,1.2593941176470147,0.9577366180475169,0.00767269322207087,15330,15360,0
93.3592736705577,1.225146999673371,-3.318619679204637,0.010295561128664442,15360,15390,0
93.35927367055777,1.225029432218261,-6.65735896959039,0.053934973414559974,15390,15420,0
92.18738078889145,1.2859997995961907,-3.673219326194463,-0.007883801707575622,15420,15450,0
92.18738078889143,1.444425891880406,17.13069327356791,-0.09600552635233524,15450,15480,0
95.31242847333488,1.2862002323211563,3.3095793238486078,0.008184860643493207,15480,15510,1
94.14053559166862,1.1505620941023786,-2.910894388443158,-0.008511888678128398,15510,15540,1
93.35927367055771,1.1890162194913618,-14.042548057667199,0.06364739060112781,15540,15570,1
93.35927367055768,1.329623240238283,3.1593931857595874,-0.03143816795975272,15570,15600,0
93.35927367055778,1.2170699621264223,8.40856177836469,-0.0573274888479409,15600,15630,0
93.35927367055771,1.1738429437928164,-4.641198864837633,-0.003537134398677197,15630,15660,0
93.35927367055773,1.5377565849988046,20.607653929614244,-0.13206840320680857,15660,15690,0
93.35927367055774,0.9790489356309339,16.41143490667736,-0.08279705895911889,15690,15720,0
93.35927367055774,1.1672582202637956,19.712518641354734,-0.12158209869488504,15720,15750,0
93.3592736705577,1.2000431604037824,18.976757880315724,-0.08650588638997178,15750,15780,0
94.14053559166855,1.3108933483072487,21.374361956225872,-0.11804418080583884,15780,15810,0
93.35927367055774,1.2469356266921037,11.065251445625803,-0.06721482928100862,15810,15840,0
93.35927367055773,1.200470055898277,17.14150113247892,-0.08380931046882142,15840,15870,0
92.18738078889146,1.3435198108897508,17.99332640077983,-0.08234434865253983,15870,15900,0
93.35927367055771,1.19290515456317,7.063130878675202,-0.04819825844540249,15900,15930,0
93.35927367055773,1.2189874857446752,-10.151322385547859,0.03763701767226495,15930,15960,0
94.14053559166862,1.142507217287885,4.068317201763654,-0.020306368971911,15960,15990,0
93.35927367055771,1.012005643993059,21.5425548160988,-0.09931889645975303,15990,16020,0
93.35927367055774,1.168836279347212,-14.186594263008553,0.04408114487772022,16020,16050,0
93.35927367055776,1.2034079471845696,13.974402740095654,-0.06012290860647537,16050,16080,0
93.35927367055778,1.2345391876453193,18.428468441637694,-0.07608765408333014,16080,16110,0
93.35927367055773,1.2230651279605778,26.312273780765707,-0.12421817373146693,16110,16140,0
93.35927367055771,1.1436252083346317,-2.6741485944678414,-0.007258711375902308,16140,16170,0
93.35927367055777,1.197671734361623,-12.10620817792751,0.028861245436496902,16170,16200,0
93.35927367055778,1.3091422169465932,20.893779980581414,-0.08909662520801116,16200,16230,0
93.35927367055773,1.0005107826880293,1.7736834800537151,-0.015518642247717063,16230,16260,0
93.35927367055768,1.2855056662241466,-11.41432537971968,0.03842599576902845,16260,16290,0
93.35927367055774,1.070973773447104,-6.123873147821599,0.02330217225350296,16290,16320,0
93.35927367055778,1.326851886830173,13.858970547166033,-0.0662529195286225,16320,16350,0
93.35927367055773,1.1933477185231458,20.20159022145202,-0.10041334696549212,16350,16380,0
92.18738078889142,1.0961320211893277,-2.5662234019345713,-0.00915830678561297,16380,16410,0
94.14053559166861,1.5104849822778033,8.580316727675543,-0.03461079098766983,16410,16440,0
92.18738078889152,0.9235510548501609,20.024784005361568,-0.02737272808570363,16440,16470,0
93.35927367055773,1.068249193248984,18.926123736889434,-0.08145051664581877,16470,16500,0
93.35927367055771,1.0931960189147103,-5.53432614256221,0.006715634976686768,16500,16530,0
93.35927367055777,1.2719365468542412,5.339447943156233,-0.018424434935262208,16530,16560,0
93.35927367055776,0.9624470592475747,-10.224822965226949,0.035592606677344235,16560,16590,0
93.35927367055774,1.3152300923097286,-7.379844875485269,0.008548943282405026,16590,16620,0
92.18738078889147,1.1841846428756555,13.598981848828908,-0.07336034604274314,16620,16650,0
92.18738078889149,1.1508646734867745,18.832910637265417,-0.10319817865948033,16650,16680,0
92.18738078889146,1.1041282598611113,6.588906739640352,-0.030585129460369738,16680,16710,0
93.35927367055773,1.2550982286561148,21.595602380367897,-0.1144807855194602,16710,16740,0
92.18738078889145,1.3154877501246398,19.810020521748903,-0.13628436748177072,16740,16770,0
93.35927367055773,1.2981673972927805,4.220084316946396,-0.03222458965166406,16770,16800,0
93.35927367055774,1.2701915339145604,11.662436874636,-0.05153206645283366,16800,16830,0
93.35927367055773,1.2072872615628525,14.232175591469435,-0.07621392509918035,16830,16860,0
93.35927367055768,0.9888546000096416,5.430546984749037,-0.026665366167044874,16860,16890,0
93.35927367055774,1.1160007821619609,1.939141909619988,-0.004776357466964847,16890,16920,0
93.35927367055778,1.2119863029044178,18.698303488697558,-0.09101130844745164,16920,16950,0
93.35927367055771,1.3454454703486591,12.24603281857255,-0.0566405131076613,16950,16980,0
93.35927367055776,1.3814306393001006,-0.6058032012037414,-0.007172219152605512,16980,17010,0
92.18738078889145,1.024487514986039,-9.160402549389373,0.0372829289853984,17010,17040,0
93.35927367055774,1.4504679740827602,-5.228734251241452,0.014437711777855647,17040,17070,0
92.18738078889149,1.3374532939160961,18.719945464481853,-0.0872195292089314,17070,17100,0
93.35927367055774,1.2547939881712689,-1.3466505275100074,-0.006527329980857699,17100,17130,0
93.35927367055768,1.1962105223342103,2.5503407130796667,-0.011496487951720652,17130,17160,0
92.18738078889143,1.1245813958691293,4.508177658060264,-0.042968949948686525,17160,17190,0
94.14053559166864,1.2628292607308584,12.733821355669054,-0.04985011291578679,17190,17220,0
94.14053559166858,1.2907753333101373,-3.4953782749555664,-0.0029295852837609854,17220,17250,0
93.35927367055773,1.142233220864237,-9.867402962634765,0.058985250884908164,17250,17280,0
93.35927367055776,1.1596603221099384,21.583324131508,-0.1051223390090748,17280,17310,0
93.35927367055774,1.2404898703521658,21.694259484870685,-0.10257068851143669,17310,17340,0
93.35927367055778,1.1339087389050686,22.349122836326035,-0.0957731732041124,17340,17370,0
93.35927367055778,1.1933019287357685,7.618676266103766,-0.037881947582408794,17370,17400,0
93.35927367055778,1.32842435264679,-3.7069795909400862,0.02676073340307016,17400,17430,0
93.35927367055776,1.1916181940581636,-10.776697587792523,0.03838959474187901,17430,17460,0
93.35927367055773,1.193062455642521,11.424607697348186,-0.0640265840961512,17460,17490,0
93.3592736705578,1.18209194937028,-6.067981683124618,0.026047214599224374,17490,17520,0
93.35927367055778,1.1595538970528505,21.42736597077295,-0.1022314065182709,17520,17550,0
93.35927367055774,1.3010746649029798,-10.949120085817341,0.03408216595732912,17550,17580,0
93.35927367055777,1.380599274899126,17.90086436628979,-0.0845165523079534,17580,17610,0
93.3592736705578,1.1279953863255914,14.64387043753242,-0.0689381329758248,17610,17640,0
93.35927367055771,1.1947087685471516,8.83597979120363,-0.05466312482071111,17640,17670,0
94.1405355916686,1.34648481139727,-4.876116000585309,0.03162247201235645,17670,17700,0
93.35927367055774,1.2054823069139189,7.8173746391100964,-0.045734320455396466,17700,17730,0
93.35927367055776,1.154940365435628,-0.2769092441381534,-0.011485871235558567,17730,17760,0
93.35927367055774,1.2507088100464971,-6.69022392796355,0.02725326395323506,17760,17790,0
93.3592736705577,1.2826534783476997,-3.453773930323719,0.017757185859613944,17790,17820,0
93.35927367055767,1.0790388739973165,-4.979469567279764,0.008984866980663891,17820,17850,0
93.35927367055781,1.23010701176557,9.685484683738903,-0.05235109585734671,17850,17880,0
93.35927367055777,1.1657767315370362,-8.74662297093452,0.03673745963365126,17880,17910,0
93.35927367055776,1.1775520046073278,-4.960733830460519,0.015030764860075846,17910,17940,0
93.35927367055773,1.3191128504720686,7.926126983763905,-0.04301403717931565,17940,17970,0
94.14053559166864,1.2279658067135912,-2.717623837919346,-0.00038144882349108234,17970,18000,0
93.35927367055774,1.1680374181873865,15.143852126474043,-0.0822527197647697,18000,18030,0
93.35927367055774,1.2336124334983736,-4.476629517356449,0.024932505472587185,18030,18060,0
93.35927367055773,1.2292508495768972,18.115417686040978,-0.10682577495650203,18060,18090,0
93.35927367055774,1.1395165029437246,18.048051626967446,-0.10406783812911898,18090,18120,0
94.14053559166864,0.958324527814895,10.656989697219785,0.027216356233998512,18120,18150,0
94.14053559166864,1.5556422159949108,11.906517576702884,-0.06238108704383354,18150,18180,0
93.35927367055771,0.7800562470120359,11.041967817603833,-0.07914667838022098,18180,18210,0
94.14053559166858,0.9144855713045166,18.526397227857352,-0.06821787872429255,18210,18240,0
94.14053559166861,0.3955761267120387,-6.361005633369213,0.028054118254398214,18240,18270,0
95.31242847333489,1.3525895009280773,11.581968948298414,0.019428683096912938,18270,18300,1
95.3124284733348,1.2866287686654592,13.479182381055834,-0.03911202134547381,18300,18330,1
94.1405355916686,2.3417727724704664,7.657669341173875,-0.049608686275515526,18330,18360,1
95.31242847333488,1.3808888171831983,2.168350740345232,-0.029081397008645565,18360,18390,0
95.31242847333492,1.0871985264705413,-8.328075351191321,0.006790829004835863,18390,18420,0
93.35927367055774,1.3381816490225855,12.781449771636648,-0.2935969080705884,18420,18450,0
96.09369039444573,1.2395285132526008,17.357336958462717,-0.050813048203929505,18450,18480,0
95.3124284733349,1.311905207831109,16.875025593821526,-0.057434403400489734,18480,18510,0
94.14053559166865,1.102710289256544,-8.088257116821948,0.014905863808137463,18510,18540,0
97.265583276112,1.2989323205757153,9.507821265643292,-0.04732667950594966,18540,18570,0
95.31242847333486,1.323798975796985,-2.9952197570159527,0.08762912460099687,18570,18600,0
93.35927367055777,1.0921683823651793,11.893094925018184,-0.2228096020448311,18600,18630,0
95.31242847333492,0.4514788060010974,-5.033866086069793,0.09797593706448356,18630,18660,1
95.31242847333483,1.67233208378849,1.54523679268161,0.033870019245799486,18660,18690,1
93.35927367055774,0.9669665677881262,19.879660648108974,-0.1672523214515497,18690,18720,1
92.18738078889149,1.4414358089962012,-6.272348392406272,0.2899697767438332,18720,18750,1
94.14053559166867,1.0707056862305442,15.621299666364557,-0.16660800069360981,18750,18780,1
93.3592736705577,1.2594900103095574,15.296357769948527,-0.23945714124167394,18780,18810,1
92.18738078889146,1.2292463321690366,16.581548558282826,-0.33039232314182015,18810,18840,1
92.18738078889149,1.0138111001565526,14.012563851322335,-0.06859149420457243,18840,18870,1
95.31242847333488,1.1527951310960647,-2.6426620351893013,0.04554763467576589,18870,18900,1
92.18738078889139,1.1542039045919468,16.516375854961364,-0.31604644144172195,18900,18930,1
93.35927367055777,1.5643841484506307,12.495576856508757,-0.15857681188655634,18930,18960,1
94.14053559166861,1.1866837455787258,6.986863301148947,0.021572899753489697,18960,18990,1
93.35927367055776,1.2557196878109531,11.98110728251625,-0.13321565604424418,18990,19020,1
93.35927367055776,1.312225519854788,11.541940188167226,-0.0989916246043396,19020,19050,1
91.01548790722515,0.6576707897802752,23.1947247574598,-0.875525780643928,19050,19080,1
97.26558327611204,1.243869503615194,-4.217798282281673,0.0648454957053235,19080,19110,1
94.14053559166861,1.1469522743741136,8.389977439164095,-0.15021439896202732,19110,19140,1
95.3124284733349,1.4105381572619902,7.918880050023822,-0.06863705152755627,19140,19170,1
96.09369039444572,1.358757677745664,15.602099038129664,-0.01746618899189192,19170,19200,1
95.31242847333493,1.0816341882763747,2.314079895593888,-0.48295540383203267,19200,19230,1
97.26558327611204,1.236698346626437,16.922430652331666,0.0038557485795644984,19230,19260,1
95.31242847333485,1.297135138391117,26.10942162873031,-0.15961382390142964,19260,19290,1
95.31242847333488,1.2770706232019549,20.70596192275456,-0.036287150111221834,19290,19320,1
94.14053559166864,1.27635284583644,-16.492860477267712,0.08989467517051318,19320,19350,1
94.14053559166857,1.1014139197098907,27.896784126536854,-0.13166639472382277,19350,19380,0
94.1405355916686,1.2751644039087662,-4.446606661883083,-0.04267143721690092,19380,19410,0
95.31242847333488,0.9724170801649673,19.971711179312376,-0.03556973997686485,19410,19440,0
94.14053559166865,1.0318846392292405,-0.3853200539486708,-0.17367305437622202,19440,19470,0
96.09369039444572,1.2349429933108425,18.86514829234751,0.018190448530578787,19470,19500,0
94.14053559166862,1.1213855880834736,-16.594413504031763,0.09711378551036193,19500,19530,0
94.14053559166862,1.1167352691641939,-14.422523311331554,0.09525756023261733,19530,19560,0
95.31242847333489,1.1842655225930616,-11.770526411925003,0.016939449545469887,19560,19590,0
94.14053559166862,0.971782246223026,-3.494225552326874,-0.0010568006175388348,19590,19620,0
94.14053559166858,1.2084167149928278,15.152741786578094,-0.04479522006491935,19620,19650,0
94.14053559166862,1.1636045149363983,0.03709866274457091,-0.035535638418687836,19650,19680,0
94.14053559166865,1.1156793007259465,-5.454481734159798,0.002233763829768574,19680,19710,0
94.14053559166858,1.2393329064042025,10.857463165336457,-0.010127632097446599,19710,19740,0
94.14053559166855,1.2731809156437872,-0.8656579435973616,0.060924164580204325,19740,19770,0
94.14053559166861,1.1549233828432786,14.964701125423012,-0.13450121050524896,19770,19800,0
94.14053559166864,1.0909395646885527,-0.12216882543614611,0.05771448696766174,19800,19830,0
94.14053559166861,1.2470826346844104,9.192724262180933,-0.026945611608893905,19830,19860,0
94.1405355916686,1.2713316119424147,-7.0483980953642345,0.08691721253749636,19860,19890,0
93.35927367055771,1.471028853202293,14.311485900005819,-0.11819686051843475,19890,19920,0
93.35927367055776,1.4615317773220575,-2.41258711912568,-0.028495734803501756,19920,19950,0
94.14053559166861,1.016542417648088,-4.078916212411022,0.07490404504376628,19950,19980,0
94.14053559166862,1.1979245634546067,2.9888641696420635,0.07059619102931633,19980,20010,0
94.14053559166858,0.9975408246648383,15.744009945078737,-0.13506722012094846,20010,20040,0
94.14053559166862,1.2499907810147062,-4.9485895298962665,0.0822014452693537,20040,20070,0
94.14053559166861,0.9482617286985784,-5.925169440663421,0.07969332866821,20070,20100,0
95.31242847333485,1.3163501762042673,-0.15504313976169126,-0.034497278589908094,20100,20130,0
93.35927367055771,1.2727466311412223,15.14620999926479,-0.08571432136383761,20130,20160,0
93.3592736705578,1.2474904133179452,16.57089058552883,-0.09988846503181234,20160,20190,0
94.1405355916686,1.2458227309582925,5.469696288630478,-0.09412918655868158,20190,20220,0
94.14053559166858,1.3380170626303753,4.549444814155065,-0.08627195115147814,20220,20250,0
94.14053559166855,-0.27335813062967534,10.862077784949694,-0.32718434109716316,20250,20280,0
95.31242847333489,1.097157707423025,3.443550140023957,0.11487599919947343,20280,20310,0
94.14053559166864,1.1704209500170963,-4.424170532616475,0.052091313688514745,20310,20340,0
94.14053559166861,1.0822458093705225,-15.517295070491981,0.04032949667001634,20340,20370,0
94.14053559166861,1.161943260433771,-11.453696605783247,0.01096510372785494,20370,20400,0
94.14053559166862,1.0778474220116556,-3.8458900293382237,-0.039479148926879946,20400,20430,0
94.1405355916686,1.1752459339725123,-3.68889701568985,0.02340382313997625,20430,20460,0
94.14053559166858,1.265074799877663,-21.149145395222167,0.016660861787127106,20460,20490,0
94.14053559166857,1.1176655874996533,-16.68390372118737,0.04038685212590611,20490,20520,0
94.14053559166865,1.1626175757399047,-9.743546077027702,0.05485413873382244,20520,20550,0
94.14053559166861,1.285304933462002,-13.310784847351783,0.07009332192898111,20550,20580,0
94.1405355916686,1.120862493183231,-18.02690073588742,0.05581622689237095,20580,20610,0
94.14053559166864,1.1983926152121138,-8.376937953719525,0.028740657486203455,20610,20640,0
94.14053559166861,1.1878015225644223,-14.438404500803323,0.059924917823526436,20640,20670,0
94.14053559166858,1.3194058346791588,20.5970285831223,-0.058133929881156614,20670,20700,1
94.14053559166857,1.1956692134560276,-20.22433877260331,0.022009021708896133,20700,20730,1
94.14053559166858,1.1674508562885304,-28.24028806535498,0.07765154950605782,20730,20760,1
94.14053559166858,1.2232067911535955,15.775526448485639,-0.07870208001679324,20760,20790,1
94.14053559166861,1.2352954436510848,-9.648684572469074,0.041052287145435726,20790,20820,1
93.35927367055776,1.2269692322536319,29.20297928055285,-0.15069494186347457,20820,20850,1
94.14053559166857,1.1948623933933802,-9.097488946011834,0.01871711508079087,20850,20880,1
93.35927367055774,1.1645939753974486,26.684407434153815,-0.12959823538630197,20880,20910,1
93.35927367055776,1.1124076997415724,15.771886236888982,-0.06729361380749088,20910,20940,1
93.35927367055774,0.9920665871959758,20.52353563815431,-0.1009851206543468,20940,20970,1
94.14053559166862,1.2168858554445243,22.54501179304258,-0.1190231918665694,20970,21000,1
94.14053559166861,1.1958628901332664,19.174916464708744,-0.1265110076477783,21000,21030,1
94.14053559166857,1.2300086102709644,-1.3646862866013292,-0.06210484539541387,21030,21060,1
95.31242847333489,1.1374807755076533,-10.427003982186648,0.1063950079694036,21060,21090,1
94.14053559166858,0.9947795906046134,-6.321584494676657,0.0683120653915361,21090,21120,1
95.31242847333485,1.1310332529098506,-2.2868718619273185,0.02907995528001881,21120,21150,1
94.14053559166861,1.2617714835099199,10.905764078968687,-0.08790817076020453,21150,21180,1
93.35927367055777,1.3367448316303263,21.970343264187736,-0.10934258745805506,21180,21210,1
93.35927367055771,1.0970474789058657,3.6432104540448167,-0.004493293980924414,21210,21240,1
93.35927367055783,1.2099950126426642,-10.353659239535416,0.07781347708030384,21240,21270,1
94.14053559166861,1.1402322980935897,-7.030665488937846,-0.029401942442531137,21270,21300,1
93.35927367055773,1.141398404553374,20.824993606006327,-0.14517475037785008,21300,21330,1
94.14053559166861,1.0979962161006953,18.43095514400194,-0.09491339608142517,21330,21360,1
94.14053559166861,1.1130679876177487,19.667272653076438,-0.10295703364032982,21360,21390,1
94.1405355916686,1.158538373124568,-5.341070313229322,-0.028667198726715682,21390,21420,1
96.09369039444572,1.6923379266733707,9.073150643380538,0.1111277770568663,21420,21450,0
94.1405355916686,0.49595459080971394,-7.718555309884046,0.04958740738497666,21450,21480,0
94.14053559166861,1.0041621656415516,16.080973243551878,-0.1557436016914412,21480,21510,0
94.14053559166858,0.9141002908016418,12.09319851408074,-0.07210781233280171,21510,21540,0
93.35927367055776,0.8056476286442484,13.928256439345905,-0.07157021743727231,21540,21570,0
93.3592736705577,0.747560145565619,12.49642462045151,-0.22971732154466007,21570,21600,0
96.09369039444572,1.193590011223173,18.841853762224922,0.0460718491444681,21600,21630,0
94.14053559166858,1.203746343665763,24.888933928985043,-0.07070767589879144,21630,21660,0
94.14053559166864,1.3854523502361469,-17.36613667344798,0.01707170998198395,21660,21690,0
93.35927367055776,1.388758829978528,32.09976740606415,-0.1678780454269877,21690,21720,0
93.35927367055773,1.2896398671405815,6.035042786199637,0.005258780896506759,21720,21750,0
93.35927367055776,0.8941682840371243,20.14124796273157,-0.07794034362283458,21750,21780,0
93.35927367055776,1.5788554695245647,-11.083674023798032,0.019641737457109926,21780,21810,0
93.35927367055768,1.1377219312231712,4.439998941350619,-0.08811543538953147,21810,21840,0
94.14053559166861,1.3516581501965088,-17.045041011483345,0.0825607118225622,21840,21870,0
93.35927367055771,1.1380221845382457,20.226213013731606,-0.055684386492397,21870,21900,0
93.35927367055778,1.1828086748790827,-10.710021072469177,0.046194850215288116,21900,21930,0
93.35927367055777,1.0055125630812387,7.653431607513233,-0.017835996040116948,21930,21960,0
93.3592736705577,1.077076759015984,-10.819793945531536,-0.02165950616357455,21960,21990,0
94.14053559166862,1.2421214112947871,-18.430813100553703,0.09222993266763137,21990,22020,0
93.35927367055776,1.0246514245018152,21.84377103638255,-0.20436925024351768,22020,22050,1
94.14053559166858,1.2718108888297581,5.493314094624173,0.05382117048080187,22050,22080,1
94.14053559166858,1.4653093249637448,24.46533166526091,-0.14791058192218617,22080,22110,1
93.3592736705577,1.060570327356584,-9.579328261072886,0.08362327856530577,22110,22140,0
93.35927367055771,1.2750028040783277,-2.557088244177414,0.0631551885525166,22140,22170,0
94.14053559166861,0.852212812373716,-8.434828736015442,0.13915522420056126,22170,22200,0
93.35927367055773,0.8074387481709747,11.369411480939553,-0.14708197870719322,22200,22230,0
94.14053559166861,0.6422412677398004,-9.192372782756923,0.06463974727338234,22230,22260,0
93.35927367055781,1.3249422952209287,10.307951621233725,0.029828229587362694,22260,22290,0
94.14053559166861,1.2663719901536876,6.515229360298328,-0.11369211243547875,22290,22320,0
94.1405355916686,0.8886621133813557,10.232525592874739,-0.13257245513108082,22320,22350,0
93.35927367055776,1.1929832410500352,-0.04725503242525517,-0.004494902871046339,22350,22380,0
93.35927367055777,1.2658962797769318,10.462941927950931,-0.14936809552852195,22380,22410,0
95.31242847333486,0.8022928213307036,23.566532836086957,-0.9054719453044131,22410,22440,0
94.1405355916686,1.3433021179720166,9.634382884264085,0.5930340740508271,22440,22470,0
96.09369039444573,1.3286412794443845,21.104252929871834,-0.06102533762414362,22470,22500,0
94.14053559166857,1.3611283410048651,10.799489263006395,-0.11975728690743873,22500,22530,0
94.1405355916686,1.3539811043563919,8.726327492743,-0.07962833394914574,22530,22560,0
94.14053559166861,1.2125215595251808,-1.3685514034398203,-0.01745911686329253,22560,22590,0
93.35927367055773,1.2282992846200722,18.60451054605435,-0.14693799640307909,22590,22620,0
94.14053559166862,1.2722412598319772,15.068608459034522,-0.10599029894189345,22620,22650,0
93.35927367055773,1.242220195672722,11.81022460469002,-0.043297227477154414,22650,22680,0
94.14053559166858,1.0987581523837824,-7.165435459880195,0.028392090259170222,22680,22710,0
94.14053559166858,1.2718597502278985,9.272001411862046,-0.08217920674660036,22710,22740,0
94.14053559166865,1.3127542663550904,13.393814902765314,-0.09558516244856491,22740,22770,0
94.14053559166861,1.2133518218061077,-0.56734632755693,-0.019861007316628543,22770,22800,0
93.35927367055773,1.1932821377196252,-5.057042432245755,0.026859380654531802,22800,22830,0
94.14053559166864,1.2355959159232721,11.31883494983839,-0.05376512135958236,22830,22860,0
93.35927367055776,1.149173984698381,-9.144751417505441,0.034690798868011574,22860,22890,0
94.14053559166857,1.2468911530653288,-12.796364038770648,0.04953624720972529,22890,22920,0
94.14053559166858,1.1098528412003685,-10.574621070781669,0.022577060858635093,22920,22950,0
94.14053559166858,1.3500496579029173,-8.109503971451003,-0.02593600478439538,22950,22980,0
94.14053559166857,1.3593237267179772,11.001100195569023,-0.025542303032339522,22980,23010,0
95.31242847333488,1.288225549671809,6.812659466088141,0.8108481735094085,23010,23040,0
95.31242847333486,1.2523227598504791,-18.791159820141576,0.019980903619548032,23040,23070,0
95.31242847333486,1.1762041288309306,22.13293980382751,-0.09817710098086943,23070,23100,0
94.14053559166858,0.9068154163537231,-7.921356310821136,-0.013177309714453442,23100,23130,0
94.14053559166861,1.464298510896169,-2.337156732274257,0.5157987010442434,23130,23160,0
96.09369039444574,1.2128211489568663,5.480218255447049,-0.0024663698514710273,23160,23190,0
95.31242847333489,0.6181376339958068,14.49380229720899,-0.04606086724211372,23190,23220,0
94.14053559166858,1.2144556022709394,13.162967599052934,-0.05417394924163994,23220,23250,0
95.31242847333483,1.2239801220960271,-9.974994665482456,0.008052102440688323,23250,23280,0
94.14053559166861,1.132539677113308,5.170396787537894,0.003657953350065621,23280,23310,0
96.09369039444577,1.154501911786317,-6.131295712274959,0.05700012708605469,23310,23340,0
94.14053559166861,1.4838083488513343,-12.213264741141955,0.017263480296539204,23340,23370,0
94.14053559166854,1.3674491826757749,18.284996420093872,-0.12544274121304566,23370,23400,0
94.14053559166858,0.9821737833650229,-2.665005782494603,0.04682949910125314,23400,23430,0
94.14053559166858,0.7400273537529428,5.888034544338644,-0.0701505831156323,23430,23460,0
93.35927367055773,0.9434762846235804,21.0870424243934,-0.076056825894442,23460,23490,0
93.35927367055774,1.1581867460356736,5.740428498345748,8.624510748345775e-05,23490,23520,0
95.3124284733349,1.173530497244903,-12.371014402388047,0.04246741817215699,23520,23550,0
93.35927367055778,0.6159835139093245,-7.436306324933966,-0.024108081265738022,23550,23580,0
94.14053559166858,1.1330878669289914,-7.943526452147312,-0.023286821858215838,23580,23610,0
93.35927367055771,1.2611655808897342,0.5551921768243248,-0.0696758825086394,23610,23640,0
94.14053559166862,1.1710139368328836,2.5077157146508053,-0.02156849444294386,23640,23670,0
93.35927367055777,1.0807307988951744,16.37853874830203,-0.043492445709376895,23670,23700,0
94.14053559166858,1.2577626139483828,17.449853854044676,-0.12724356323390792,23700,23730,0
94.1405355916686,1.0819535299201615,15.449984309836509,-0.07203358322671508,23730,23760,0
93.35927367055781,0.9352156343763589,-6.712111253675473,-0.0029266626338600235,23760,23790,0
93.35927367055776,1.1851290116272726,-13.583056364389535,0.10173122893928976,23790,23820,0
94.14053559166858,1.164883311094359,4.485777691929849,-0.023199937524079634,23820,23850,0
93.35927367055773,1.2044141541139315,12.813790909544114,-0.03658370001468782,23850,23880,0
93.35927367055773,1.0926580276175006,1.313882074635049,-0.021051393133680596,23880,23910,0
93.35927367055773,0.789558034570881,22.062617141052897,-0.8391673065913017,23910,23940,0
95.31242847333486,1.2149931114419117,14.117397553981249,-0.050087109780675876,23940,23970,0
94.14053559166858,1.0704236309788167,3.4649285310376783,-0.026203261193744262,23970,24000,0
93.35927367055773,0.8561769231964472,-7.300985305794548,0.06742815737375223,24000,24030,0
93.35927367055776,1.4727039226352243,14.998264649873244,-0.06980861397439118,24030,24060,0
93.3592736705577,0.9843851324017007,13.04415564264002,-0.068946094383169,24060,24090,0
93.35927367055774,0.8587322429941698,-3.6362741888807357,0.016077140840918845,24090,24120,0
93.35927367055773,1.404039861739435,-1.755155235781431,0.04995324009521968,24120,24150,0
94.1405355916686,1.2084984114686435,14.542051522724169,-0.14254689050773095,24150,24180,0
93.35927367055773,1.1461203356625413,14.956397764093143,-0.07371662165779057,24180,24210,0
93.35927367055773,1.0882546992439022,0.7003460767047818,0.04555265842639514,24210,24240,0
94.14053559166858,1.2046350205676188,4.266749568436019,-0.02585386113866572,24240,24270,0
91.01548790722516,1.2021150428473708,18.623676510785437,-0.1509790665464254,24270,24300,0
97.265583276112,1.1704194437776176,12.909684719912873,-0.011482646000851974,24300,24330,0
94.14053559166858,1.191314865409123,2.7821721717047474,0.014378831912975735,24330,24360,0
93.35927367055778,1.09756821022955,4.270728805387686,-0.05961887153124146,24360,24390,0
94.14053559166862,1.13674417493259,-11.895190176357117,0.12787819627465732,24390,24420,0
94.14053559166852,1.4651913205648257,20.355976606781358,-0.15187430124661874,24420,24450,1
94.14053559166861,1.3149917194780367,-1.910280200381485,0.14772495343039213,24450,24480,1
95.31242847333492,1.1664930890083678,3.9310684872511836,0.09449060189015973,24480,24510,1
94.14053559166862,1.1916913254694586,13.303660855886964,-0.011361876269543072,24510,24540,1
94.1405355916686,1.376451867283446,15.054466894737857,-0.20372236279126044,24540,24570,0
94.14053559166864,1.1406308188390606,12.378228501210453,-0.03504250421917724,24570,24600,0
94.14053559166858,1.2371519077261512,15.416560614605249,-0.20089135302197947,24600,24630,0
94.14053559166858,1.2707261121470854,19.87862057119566,-0.2178658265947497,24630,24660,0
94.14053559166857,1.4487760012258613,16.379631618452688,-0.1627022092521757,24660,24690,0
94.14053559166862,1.0772158859698475,-5.760822579185568,0.060182322941687884,24690,24720,0
94.14053559166857,1.2393834010957,2.1120494381099295,-0.05250521728012678,24720,24750,0
96.09369039444567,1.0893486464666156,18.118337508952433,-0.1450801321672439,24750,24780,1
93.35927367055771,1.165838861185105,-2.493616138797815,0.0582644309594794,24780,24810,1
95.31242847333489,1.1721518812977947,-2.2016809039100793,-0.004429423584874085,24810,24840,1
93.35927367055768,0.47876197299538087,5.445304714070534,0.08659193823034031,24840,24870,0
96.0936903944457,0.9051424941591627,8.199318073464132,-0.14222983082308305,24870,24900,0
93.35927367055773,1.1364522716655305,18.581136667683875,0.07302862410275743,24900,24930,0
92.18738078889145,0.9728416199345608,-9.235236783576395,-0.07681906529936858,24930,24960,0
93.35927367055774,0.9784242641271343,5.87582244796008,-0.040031671260013606,24960,24990,0
93.35927367055771,1.092063140439328,6.379603259482703,-0.12920737872427948,24990,25020,0
92.18738078889145,1.2467891155999256,-10.448057936269413,0.008091538645384913,25020,25050,1
93.35927367055773,1.1559624883500441,6.978901114006273,0.009733884504995747,25050,25080,1
93.35927367055773,1.3671255534610915,3.62844760263307,-0.013694312057428895,25080,25110,1
93.35927367055773,1.0979399880573986,13.852309679036038,-0.06918963455075784,25110,25140,0
92.18738078889145,1.0386769661822604,14.447210779605903,-0.021614863316244834,25140,25170,0
93.35927367055773,1.177051994339746,-2.0382355194020088,0.029166355584194725,25170,25200,0
93.35927367055773,0.9060972882854801,-2.915793831035163,0.09284232945383364,25200,25230,1
92.18738078889146,1.045829888131652,3.2174739102230983,0.09018478520181307,25230,25260,0
96.09369039444573,0.8742217041418254,12.008992853744807,-0.03136277819301632,25260,25290,0
94.1405355916686,0.9051915408891337,-0.8868900898300217,-0.04715438538978513,25290,25320,0
94.14053559166865,1.266271541145761,8.484493349474254,-0.013593864926910428,25320,25350,0
93.35927367055776,1.0842295902395709,15.632622838504355,-0.02259588584535165,25350,25380,0
93.35927367055776,1.123746479552147,12.867438481293668,-0.01938964330860294,25380,25410,0
93.35927367055776,1.1861062478310331,16.25627480449737,-0.054655046419123735,25410,25440,1
93.3592736705578,1.2580089124661762,11.312260590698461,-0.038368141375617705,25440,25470,1
94.14053559166857,1.1378232424466268,10.925216366327366,-0.059962312552023306,25470,25500,0
93.35927367055768,1.2457031548033413,14.873617341284726,-0.019704788919666927,25500,25530,0
93.35927367055771,1.0931759491645303,-10.921498937873023,0.01941882360968779,25530,25560,0
93.35927367055773,1.137622386642745,14.14037254310626,-0.07705609540122565,25560,25590,0
93.35927367055771,1.1630695985884,13.259072627440014,-0.0649459662303458,25590,25620,0
92.18738078889147,1.3905586017231344,14.349175208074204,-0.06878664511818396,25620,25650,0
92.18738078889147,1.180812764512528,22.285556681594926,0.023109787105863974,25650,25680,0
94.1405355916686,1.3169263205477493,-1.434299292271454,-0.0012169195136620447,25680,25710,0
93.35927367055771,1.1865236281839942,16.488207979733595,-0.07229165483848243,25710,25740,0
92.18738078889145,1.3162036365547007,8.92645566517084,-0.02168815948460355,25740,25770,0
92.18738078889147,0.9447189816294773,32.613379635723845,-0.18773279220629838,25770,25800,0
95.31242847333485,1.1533350070481265,4.631149598887117,-0.0664069172058719,25800,25830,0
93.3592736705577,1.1538772910861759,12.559887985134068,-0.022343538596694763,25830,25860,0
93.35927367055768,1.1979099881768254,0.33066706726163225,-0.05081259136024821,25860,25890,0
94.1405355916686,1.1619714425763967,11.198860254066552,-0.046139746295561807,25890,25920,0
93.35927367055776,1.1270276823130436,-1.2587450930181208,-0.05343995294961654,25920,25950,0
92.18738078889146,1.237590488949382,16.440494703391373,-0.0344376999658129,25950,25980,0
93.35927367055768,1.140493225366594,-9.29810611262423,-0.043090582199744515,25980,26010,0
93.35927367055774,1.1352764065080372,23.10233811905659,0.014862167768279708,26010,26040,0
93.3592736705577,1.2210783697575898,15.435135895637991,-0.06526240399667309,26040,26070,0
92.18738078889142,1.1819416605167627,-0.5092366378781182,-0.0593872175327606,26070,26100,0
92.18738078889146,0.4142802184038543,5.53124538130233,-0.20679486623931662,26100,26130,0
94.14053559166855,0.9980679266342681,15.813066334159368,0.03444812692215838,26130,26160,1
94.14053559166857,1.1702138571638931,0.8340476717600821,-0.060281147257733605,26160,26190,1
93.35927367055771,1.2261522331437416,10.627396731402575,-0.012836729728066439,26190,26220,1
93.3592736705577,1.352785680905786,13.725013640900768,-0.03254022516015775,26220,26250,1
94.14053559166855,1.1260895307089303,0.3012539437511875,-0.014890109126277397,26250,26280,1
92.18738078889143,0.9939729095918137,15.530498479909731,-0.05261267258284888,26280,26310,1
95.31242847333485,1.2273824762862195,1.317320908968066,-0.05480436592942054,26310,26340,1
94.14053559166858,1.1820893821170646,12.739514355518407,-0.054116707712471325,26340,26370,1
92.18738078889147,1.1177961373735754,11.479764302499708,-0.0635960194581208,26370,26400,1
93.35927367055767,1.4774992690997577,0.7068845697026607,-0.04188401059524343,26400,26430,0
94.1405355916686,1.336728370197288,10.93870366798198,-0.05534697615788591,26430,26460,1
93.35927367055771,1.0265754559277234,-0.9832450304323515,0.01444579074343147,26460,26490,1
93.35927367055774,0.9287389465060085,13.840726320021183,0.123844432104743,26490,26520,0
95.3124284733349,1.0399605553885898,-2.637279349866522,-0.0526286733647816,26520,26550,0
94.14053559166857,1.2074006680468248,4.925399588334864,-0.20709769817081322,26550,26580,1
93.35927367055771,1.1334305906479185,-2.2281061223306877,-0.008987866750207062,26580,26610,0
95.31242847333488,1.1965417296896719,9.839446035984782,-0.1993870724765872,26610,26640,0
94.14053559166858,0.9342436443403367,5.871581034810653,-0.06386284394493714,26640,26670,0
95.31242847333489,1.6660027448007395,14.632169776903154,-0.07622690556479142,26670,26700,0
95.3124284733349,1.2092788390206832,12.682097793196721,-0.023729303431487134,26700,26730,0
94.14053559166862,0.9294641887199847,11.643990385058531,-0.06790298861024789,26730,26760,0
94.1405355916686,1.232032513729965,-5.64583069069855,-0.1540109631522429,26760,26790,0
93.35927367055771,1.2029265164903562,2.190210111614751,0.08646233288809668,26790,26820,0
94.14053559166857,1.2132579407346056,-6.129104159192293,0.05002576414863057,26820,26850,0
94.14053559166861,1.29615744488239,-5.885620200470636,0.22078763134468096,26850,26880,0
94.14053559166861,1.3046251759326788,-9.946721481311684,-0.36919846696511815,26880,26910,0
95.31242847333485,0.9947789158280357,15.668258794099613,0.9882408145867994,26910,26940,0
93.35927367055768,0.9982626843217095,16.230126459356487,0.02752371486287063,26940,26970,0
94.14053559166861,-2.1512569495610188,35.61872060329608,0.24857398942618733,26970,27000,0
94.14053559166857,1.2287608866203175,29.912630316412294,-0.6187517655757389,27000,27030,0
93.35927367055774,1.3295817060017523,30.85885154202452,-0.36675804835949133,27030,27060,0
94.14053559166865,1.2207334283171685,-5.727429804356429,0.053530512286048076,27060,27090,0
94.14053559166858,1.122307393399087,31.056747024125322,-0.11836862506674516,27090,27120,0
95.3124284733349,1.5245529052834361,32.046267008810155,-0.07652925709406945,27120,27150,0
95.31242847333485,1.3268812581295868,19.345670986214365,-0.12959908673222048,27150,27180,0
95.31242847333485,1.2306525570346516,-9.325773540174463,-0.002924194411525585,27180,27210,0
95.31242847333492,1.3854357969595203,18.70460073528048,-0.018107065045345504,27210,27240,0
95.31242847333488,1.4553996605616843,-22.09403641218596,0.05288638189715458,27240,27270,0
95.31242847333489,1.5500143718437764,-24.274489426141727,0.07007310072468499,27270,27300,0
96.09369039444572,1.303263689533012,-14.925559650415757,0.15089289232695088,27300,27330,0
96.09369039444572,1.4337079778770865,20.639436729470695,0.593455313105718,27330,27360,0
96.09369039444573,1.2225910169307865,16.62331880098702,-0.08656923841145997,27360,27390,0
96.0936903944457,1.4150788529533322,-15.160531825061506,0.41158892050254237,27390,27420,0
95.31242847333482,1.3534175280729244,16.939893654710954,-0.4850630118216874,27420,27450,0
96.0936903944457,1.200540454055566,-2.1418230190868375,-0.032187236623589056,27450,27480,0
95.3124284733349,1.2131585068753112,-15.327919404073635,-0.2402923616805704,27480,27510,0
96.09369039444564,1.0695414914684098,21.9417290747773,0.12300246167146552,27510,27540,0
95.31242847333485,1.3062772297444498,-4.857411761896886,-0.00014529261314883974,27540,27570,0
96.09369039444576,1.2008484022827395,-3.87160029219343,0.16646227296909796,27570,27600,0
96.09369039444569,1.2349504561554117,9.69827643562822,0.44845541872292644,27600,27630,0
96.0936903944457,1.1966391270938672,-1.3813366624163241,0.6948279805311484,27630,27660,0
95.31242847333489,1.634631983254856,-5.2757642270797716,0.18015477292051965,27660,27690,0
93.3592736705577,0.9729286228065454,-5.793967577525522,0.20863949165879525,27690,27720,0
68.35889219501033,4.12155207064249,3.1000340544490785,0.07519562176187139,27720,27750,0
77.34340428778516,2.1304336244141404,6.1079065369607495,0.7961284294950411,27750,27780,0
0.0015259021896938249,-4.468540926948748,3.3137838268087623,-0.5215682937625238,27780,27810,0
0.0015259021897153036,1.0509371720645673,3.6774132179593573,-0.488023329528718,27810,27840,0
0.0015259021897367825,-1.5703786614500597,18.233342293415905,-0.42236077059376625,27840,27870,0
0.001525902189672346,-0.03579708650598857,-0.059113373810327025,0.39888110406079896,27870,27900,0
0.0015259021896795056,-0.10417245595826094,4.887783300303351,0.00409786135407882,27900,27930,0
0.0015259021896795056,-2.4342405735649844,13.689027057088872,-0.2159023044539656,27930,27960,0
86.32791638056007,3.380405102363339,8.945073504465908,-0.11943080119850724,27960,27990,0
76.17151140611884,4.548969221011837,5.091658837221951,-0.25673515029294985,27990,28020,0
0.0015259021897367825,1.784241801960237,3.4063580907141744,-0.16411565928677166,28020,28050,0
0.0015259021896580267,-3.445448778500043,7.113745987118223,-0.024872972872505172,28050,28080,0
0.0015259021897296228,6.231498444655443,13.418181199554851,-0.14331826051181826,28080,28110,0
0.0015259021896866652,-5.077470677793579,4.660795522833016,0.11132820952447571,28110,28140,0
0.001525902189708144,12.312928160554733,6.097656694893285,-0.04325020430932017,28140,28170,0
0.0015259021897153036,10.770365309308236,9.055321980507873,-0.03517740719778333,28170,28200,0
0.0015259021897439421,11.451952785144645,5.571356725504484,-0.04246820103682026,28200,28230,0
0.001525902189672346,12.460008821263681,4.621540989565203,-0.037189250366539875,28230,28260,0
0.001525902189708144,12.57049472220698,12.0611241367423,-0.0343478932725189,28260,28290,0
0.001525902189708144,11.483079910044458,4.2646343663067325,-0.03435664034682965,28290,28320,0
0.0015259021897153036,11.161032028303387,8.16485715094172,-0.0366292934335045,28320,28350,0
0.0015259021896651863,12.552652322329624,9.466977087056634,-0.029086848587870275,28350,28380,0
0.0015259021897009843,10.363474730741302,2.273514677647682,-0.02796714788032771,28380,28410,0
0.001525902189708144,13.648759634425083,6.491593265307914,-0.03684927284744294,28410,28440,0
0.001525902189650867,11.140505977189012,9.150952145044574,-0.031585115263596496,28440,28470,0
0.0015259021896795056,12.140447923247745,8.122029048841735,-0.03319286472598518,28470,28500,0
0.0015259021896938249,10.793193894465848,4.083880203674468,-0.03325681734069598,28500,28530,0
0.001525902189650867,12.610630098155795,9.208110859845332,-0.032536134688478206,28530,28560,0
0.0015259021897169607,13.656554477064132,3.633719113320357,-0.03335368817199843,28560,28590,0
0.0015259021896437074,12.01553325533654,9.305688935835907,-0.03166825559803773,28590,28620,0
0.0015259021897153036,10.747533506937252,7.305053791803886,-0.04073654412615018,28620,28650,0
0.0015259021896866652,11.873453899106435,4.992392587355676,-0.03255822471438002,28650,28680,0
0.001525902189708144,-0.4754070177501909,3.4806222588452416,0.0864666196331384,28680,28710,0
0.0015259021896795056,7.922634508178518,4.054536854232389,-0.03594297083823977,28710,28740,0
0.0015259021896938249,7.332059465248255,5.288898903260419,-0.03288449487292134,28740,28770,0
0.0015259021897009843,9.728704938354637,5.605712032846444,-0.033224757192111425,28770,28800,0
0.0015259021897224632,8.431625671963868,6.732316423038324,-0.033916547218703096,28800,28830,0
0.0015259021896580267,9.753277695173352,5.430514759863766,-0.030847732597885386,28830,28860,0
0.0015259021896938249,8.963020738353498,6.766056431591247,-0.03025170183633453,28860,28890,0
0.0015259021896795056,7.84014590660153,8.803211906585096,-0.032428022697835616,28890,28920,0
0.0015259021897009843,7.646998171296926,6.735842208568153,-0.03220868542112989,28920,28950,0
0.001525902189708144,8.593929451345657,5.754461981391639,-0.03493277441466862,28950,28980,0
0.0015259021896866652,8.900381109735179,5.063822251052315,-0.03653407366369419,28980,29010,0
0.0015259021897367825,8.103179914852364,6.700918787572731,-0.03003367276167551,29010,29040,0
0.0015259021897153036,8.720096097227676,7.1642191217712865,-0.033283297717984814,29040,29070,0
0.0015259021896580267,8.61329226346529,6.673509764015569,-0.03219104459508681,29070,29100,0
0.0015259021897153036,9.771659996781143,6.999415589472964,-0.036128735857921444,29100,29130,0
0.0015259021896938249,9.302140162303699,5.5746667877462315,-0.03806503068659449,29130,29160,0
0.001525902189708144,7.076283030350663,5.757744292411158,-0.034920805917579324,29160,29190,0
0.0015259021896437074,8.066484402341265,5.360736993424933,-0.03409044760746202,29190,29220,0
0.0015259021897009843,9.126412518606188,5.1824134768725045,-0.038330295793550406,29220,29250,0
0.0015259021897009843,7.310908111926656,7.468752053147424,-0.040928451358247714,29250,29280,0
0.0015259021896795056,8.309554935513509,7.203165495052729,-0.03688849951068215,29280,29310,0
0.0015259021896866652,8.215223438497532,6.312816010051743,-0.03312294376081779,29310,29340,0
0.0015259021897153036,9.869136952229312,5.002920388258297,-0.037646107868745726,29340,29370,0
0.0015259021897439421,11.217147369340958,5.813973346798403,-0.03478564197378402,29370,29400,0
0.0015259021897511018,6.833024113007132,8.16979247553895,-0.035441958006791056,29400,29430,0
0.0015259021896651863,6.57256336587151,6.439841880996848,-0.029490238057880758,29430,29460,0
0.0015259021897009843,9.295170783880423,5.456683619799531,-0.03645579556773817,29460,29490,0
0.0015259021897153036,7.356039661629967,7.562432196368587,-0.032838568737572335,29490,29520,0
0.0015259021897153036,8.738076512905918,7.643702479254554,-0.02856219212545726,29520,29550,0
0.0015259021897153036,8.513157938889119,7.362897708225289,-0.03288333652086558,29550,29580,0
0.0015259021897582614,8.139517565348488,7.036331614171911,-0.03577971693615425,29580,29610,0
0.0015259021897224632,8.18495200865149,5.547537475697427,-0.0362022072849167,29610,29640,0
0.0015259021896938249,8.910362926308393,6.349799318959953,-0.03690977352968042,29640,29670,0
0.0015259021896651863,9.03936943287784,7.536823495234497,-0.03460854520717746,29670,29700,0
0.0015259021896866652,9.270243313163544,6.284448577366148,-0.028202750605954514,29700,29730,0
0.0015259021897296228,8.36455210268222,5.451260503662716,-0.033846974144889394,29730,29760,0
0.0015259021897296228,7.1900769472738375,4.438102957261846,-0.03504357892076775,29760,29790,0
0.001525902189708144,9.8854986345923,7.563836862645686,-0.02840634999166229,29790,29820,0
0.001525902189708144,6.972834224841726,5.532083951413961,-0.03282914851534202,29820,29850,0
0.0015259021897224632,7.402023647046306,3.9476428260242873,-0.03399988404977759,29850,29880,0
0.0015259021897439421,9.307599146356305,5.215245548884057,-0.031051334051948532,29880,29910,0
0.0015259021896938249,7.961522352667417,7.464525602373863,-0.03360160572651453,29910,29940,0
0.0015259021897439421,6.839966069625328,5.744030911306822,-0.03540570815367883,29940,29970,0
0.0015259021897439421,8.865621813524282,5.053880782197558,-0.035418560374806264,29970,30000,0
0.0015259021896938249,9.01290934180206,5.467647498809793,-0.03691536560956503,30000,30030,0
0.001525902189650867,7.6622890834092425,7.309945752389915,-0.034689100670809936,30030,30060,0
0.001525902189708144,7.432266517614103,7.522198925071894,-0.03643697366383574,30060,30090,0
0.0015259021897367825,7.440733361134208,6.715694115468477,-0.03168641189275003,30090,30120,0
0.0015259021897224632,7.655019554522169,5.154468861577414,-0.03795208562303947,30120,30150,0
0.0015259021896795056,8.466997087713326,6.746167635510139,-0.03007085111903377,30150,30180,0
0.0015259021896795056,7.777433319555613,6.760128966045065,-0.03548449465865058,30180,30210,0
0.0015259021897296228,8.383594001730973,5.219471055524412,-0.03490099143626562,30210,30240,0
0.0015259021897224632,7.282792895016585,5.040253996134728,-0.029864127967937016,30240,30270,0
0.001525902189650867,8.448161431552899,6.943993503160389,-0.03661108066367804,30270,30300,0
0.0015259021897224632,8.077026291900172,7.3853690504855125,-0.034769859235909334,30300,30330,0
0.001525902189708144,8.280303790977225,4.599368426101629,-0.036284903821555275,30330,30360,0
0.0015259021897153036,8.790973815841955,5.530018726229102,-0.03445952868377641,30360,30390,0
0.0015259021896580267,9.458958307675072,6.463999426209755,-0.03890944881134275,30390,30420,0
0.0015259021897511018,8.727285350036642,7.461661031663048,-0.029577564188350343,30420,30450,0
0.001525902189708144,7.0898572200276195,7.006471065137536,-0.03161680421717763,30450,30480,0
0.0015259021897153036,7.79895135448533,5.982086170790925,-0.04065317618278011,30480,30510,0
0.0015259021896580267,8.731169266867926,6.097332546795633,-0.028553276255059875,30510,30540,0
0.0015259021897153036,6.998387095368948,6.103339987287109,-0.029598645041158292,30540,30570,0
0.0015259021897009843,8.423274671055271,6.538138056500461,-0.03190188941108487,30570,30600,0
0.0015259021897439421,7.609346645748935,6.484389817196018,-0.0370719397372728,30600,30630,0
0.0015259021896866652,7.187122794578888,5.573467195741653,-0.03304561617166567,30630,30660,0
0.0015259021896866652,7.266709845686163,5.384589928886209,-0.03229033428803691,30660,30690,0
0.001525902189708144,6.070702973563957,5.146834103892107,-0.03462009729961856,30690,30720,0
0.0015259021897153036,8.27849150337575,8.273281189770849,-0.033901145283577516,30720,30750,0
0.001525902189650867,8.620140612614785,5.577620140795645,-0.03791650968891247,30750,30780,0
0.0015259021897367825,8.06629169613119,7.271566849149398,-0.03602042066353122,30780,30810,0
0.001525902189708144,8.828320806268033,6.78153688359372,-0.032145537444442845,30810,30840,0
0.0015259021897224632,7.501239331508925,7.9799434565066605,-0.032467094509511706,30840,30870,0
0.0015259021896866652,6.619054056412321,7.0563299901862155,-0.029442568438100926,30870,30900,0
0.0015259021896938249,6.862658706455585,8.09487658397021,-0.03340044777958618,30900,30930,0
0.0015259021896938249,8.264148639754993,5.476670701844128,-0.03315843445866614,30930,30960,0
0.0015259021897439421,8.352494822075796,4.935265500612083,-0.037992443531558444,30960,30990,0
0.001525902189672346,8.257640040050092,6.125281565334211,-0.03199331775998342,30990,31020,0
0.0015259021897009843,8.407031628186415,7.154524499611039,-0.03336816024426972,31020,31050,0
0.001525902189708144,7.113254472104667,7.277267586167859,-0.03714704244254335,31050,31080,0
0.0015259021897296228,8.647782378176641,6.70810757580206,-0.03534206016224541,31080,31110,0
0.0015259021896580267,6.988989829277654,7.4714999212650355,-0.03788539454541901,31110,31140,0
0.001525902189708144,8.879492452977706,6.804061595428341,-0.03403211088410454,31140,31170,0
0.0015259021897009843,7.0744700620358625,5.28900816475294,-0.03728772041033104,31170,31200,0
0.0015259021897009843,11.96689273334699,7.132413759060795,-0.036826187176575355,31200,31230,0
0.0015259021896437074,8.25475848611951,7.710822730908638,-0.03409421723199165,31230,31260,0
0.0015259021897511018,7.198271338712362,4.935878533776469,-0.03439114138966872,31260,31290,0
0.0015259021896938249,7.293326169200184,5.837471777522545,-0.030746524852176306,31290,31320,0
0.0015259021896795056,4.355256766150524,5.819021918712013,-0.03714504339146487,31320,31350,0
0.0015259021896795056,-1.8643834957438348,6.551814228818464,-0.030905415791367376,31350,31380,0
0.0015259021897511018,-2.2950102381096413,7.291174513461282,-0.033104060911265915,31380,31410,0
0.0015259021897224632,-1.9131711452617874,6.592917490437298,-0.037269000785529666,31410,31440,0
0.001525902189708144,-3.3376261718150166,6.007377006741012,-0.039569541899627386,31440,31470,0
0.0015259021896938249,-3.1131525288842155,7.092536754957692,-0.03446680060431028,31470,31500,0
0.0015259021897367825,-2.6131199816786457,6.506327556591609,-0.035356708199414215,31500,31530,0
0.0015259021897009843,-2.889299824632687,5.486862961920791,-0.03619736137911756,31530,31560,0
0.0015259021897511018,-3.0453844912877717,6.671891318975574,-0.03350012868038012,31560,31590,0
0.0015259021897009843,-2.831657084446378,6.847663650290534,-0.03063994662250894,31590,31620,0
0.0015259021897367825,-2.2766571455674636,5.275346270791498,-0.03264824328127701,31620,31650,0
0.001525902189708144,-2.787554103458312,6.571347476972267,-0.03640722005661828,31650,31680,0
0.0015259021897296228,-2.8342101079497657,6.0959305642730826,-0.03637686797401187,31680,31710,0
0.0015259021897009843,-2.9303996225586153,6.302610930087946,-0.032069223233045466,31710,31740,0
0.0015259021897224632,-2.8562785590210864,6.314850112915088,-0.03365673904656733,31740,31770,0
0.0015259021897296228,-3.1258008771505006,6.232569761308068,-0.035232953646642994,31770,31800,0
0.0015259021896938249,-2.3530126224419616,6.206374509642099,-0.04016068659569001,31800,31830,0
0.0015259021896938249,-2.1444836084970267,5.016633308430878,-0.02988615025756665,31830,31860,0
0.0015259021897153036,-1.6695694918707227,5.737867283707428,-0.03625113572662421,31860,31890,0
0.0015259021897224632,-2.3658977393698244,6.359905385774678,-0.029879749405784833,31890,31920,0
0.0015259021896938249,-3.18374383921868,6.597552819875192,-0.03026921941646811,31920,31950,0
0.001525902189650867,-2.3984271444737026,7.2671779452833905,-0.040014658777805426,31950,31980,0
0.0015259021897367825,-2.4612162607759847,6.659985400299664,-0.03590054775305331,31980,32010,0
0.0015259021896580267,-2.6636269792198988,5.860258621216495,-0.03374773606718349,32010,32040,0
0.0015259021897224632,-1.864363320186321,7.374645785739125,-0.038491981186486744,32040,32070,0
0.001525902189672346,-3.225563037781245,6.709253480334374,-0.03839401891627853,32070,32100,0
0.0015259021897224632,-2.4242772071617877,7.152825694467277,-0.038932897042962496,32100,32130,0
0.0015259021896938249,-2.38901390454829,6.184475299592903,-0.033573533623840184,32130,32160,0
0.0015259021897296228,-3.0345184558543448,6.061773857730586,-0.039797248108596625,32160,32190,0
0.0015259021897009843,-2.215369300667344,6.025300761523748,-0.03039219258516467,32190,32220,0
0.001525902189708144,-3.1202719404816355,7.304642322408907,-0.026820928293015706,32220,32250,0
0.001525902189708144,-2.375024714080866,6.405914958135234,-0.040122698996577624,32250,32280,0
0.0015259021897367825,-2.36155533811755,6.309430006473555,-0.029832955642774602,32280,32310,0
0.0015259021896795056,-2.86144842929024,6.094816527898215,-0.03630339267668633,32310,32340,0
0.001525902189708144,-2.76663764486662,6.603534916969654,-0.03760325537306225,32340,32370,0
0.0015259021896580267,-2.529483025508826,5.293016025487336,-0.03263580698868743,32370,32400,0
0.0015259021897224632,-2.6515243920370035,6.144414836320056,-0.030014400258312864,32400,32430,0
0.0015259021896795056,-1.6174523798893852,6.582535129761138,-0.03036397247271132,32430,32460,0
0.0015259021897296228,-3.2286932242159705,6.310450337512431,-0.027061326041992684,32460,32490,0
0.0015259021897296228,-3.4367116005251983,5.571347725352403,-0.017783180083881963,32490,32520,0
